[Matrix]
A 25 25
0.8147236864 0.7577401306 0.2760250770 0.3499837660 0.1621823082 0.8686947054 0.4172670691 0.1689900295 0.6443181302 0.9797483784 0.9630885393 0.9037205606 0.0596188676 0.3992577706 0.3014549487 0.1206116133 0.4228856891 0.2810053025 0.9159912441 0.5762093807 0.5822491645 0.7719803856 0.7363400743 0.8335005956 0.8507126743
0.9057919371 0.7431324681 0.6797026769 0.1965952504 0.7942845407 0.0844358455 0.0496544303 0.6491154750 0.3786093827 0.4388699731 0.5468057187 0.8909225043 0.6819719041 0.5268758305 0.7010987559 0.5895074847 0.0942293389 0.4400851390 0.0011510571 0.6833632433 0.5407393371 0.9328535703 0.3947074753 0.7688542524 0.5605595274
0.1269868163 0.3922270195 0.6550980040 0.2510838580 0.3112150420 0.3997826491 0.9027161099 0.7317223857 0.8115804583 0.1111192234 0.5211358308 0.3341630527 0.0424311375 0.4167994679 0.6663388516 0.2261876798 0.5985236688 0.5271427418 0.4624491592 0.5465931146 0.8699410324 0.9727408540 0.6834158670 0.1672535455 0.9296088668
0.9133758561 0.6554778902 0.1626117352 0.6160446761 0.5285331355 0.2598704029 0.9447871897 0.6477459631 0.5328255888 0.2580646959 0.2315943867 0.6987458323 0.0714454646 0.6568598910 0.5391264650 0.3846191244 0.4709242564 0.4574243657 0.4243490398 0.4257288419 0.2647790265 0.1920283494 0.7040474303 0.8619804787 0.6966672006
0.6323592462 0.1711866878 0.1189976816 0.4732888489 0.1656487295 0.8000684802 0.4908640925 0.4509237064 0.3507271036 0.4087198461 0.4888977439 0.1978098267 0.5216498425 0.6279733592 0.6981055202 0.5829863827 0.6959493133 0.8753715986 0.4609163660 0.6444427814 0.3180740755 0.1388742028 0.4423054134 0.9898721536 0.5827909652
0.0975404050 0.7060460880 0.4983640520 0.3516595071 0.6019819414 0.4314138275 0.4892526384 0.5470088923 0.9390015620 0.5948960740 0.6240600882 0.0305409463 0.0967300258 0.2919840800 0.6665279134 0.2518061225 0.6998878499 0.5180521084 0.7701597286 0.6476176302 0.1192145411 0.6962663371 0.0195776236 0.5144234565 0.8153972115
0.2784982189 0.0318328464 0.9597439585 0.8308286279 0.2629712845 0.9106475944 0.3377194098 0.2963208056 0.8759428115 0.2622117478 0.6791355409 0.7440742604 0.8181485539 0.4316511702 0.1781324544 0.2904406643 0.6385307583 0.9436226245 0.3224718072 0.6790167541 0.9398294703 0.0938200268 0.3308578802 0.8842810231 0.8790139046
0.5468815192 0.2769229850 0.3403857267 0.5852640912 0.6540790985 0.1818470283 0.9000538464 0.7446928071 0.5501563429 0.6028430894 0.3955152157 0.5000224356 0.8175470921 0.0154871256 0.1280143997 0.6170908844 0.0336038361 0.6377090981 0.7847392948 0.6357867105 0.6455518750 0.5254044039 0.4243094968 0.5880260553 0.9889116161
0.9575068354 0.0461713906 0.5852677510 0.5497236083 0.6892145031 0.2638029165 0.3692467811 0.1889550150 0.6224750860 0.7112157804 0.3674366485 0.4799221411 0.7224395924 0.9840637244 0.9990803948 0.2652809098 0.0688060991 0.9576939398 0.4713571537 0.9451741131 0.4794632249 0.5303442184 0.2702704234 0.1547523487 0.0005223754
0.9648885352 0.0971317812 0.2238119395 0.9171936638 0.7481515928 0.1455389804 0.1112027553 0.6867754334 0.5870447045 0.2217467340 0.9879820032 0.9047222381 0.1498654425 0.1671684099 0.1711210664 0.8243762667 0.3195997352 0.2407070355 0.0357627333 0.2089349224 0.6393169610 0.8611398114 0.1970537981 0.1998628229 0.8654385910
0.1576130817 0.8234578283 0.7512670593 0.2858390188 0.4505415985 0.1360685587 0.7802520683 0.1835111557 0.2077422927 0.1174176509 0.0377388662 0.6098666484 0.6596052529 0.1062163449 0.0326008205 0.9826633997 0.5308642807 0.6761223039 0.1758744157 0.7092817027 0.5447161105 0.4848533336 0.8217211850 0.4069548371 0.6125664695
0.9705927818 0.6948286230 0.2550951155 0.7572002291 0.0838213780 0.8692922076 0.3897388370 0.3684845965 0.3012463303 0.2966758732 0.8851680082 0.6176663896 0.5185949425 0.3724097401 0.5611997927 0.7302487923 0.6544457078 0.2890645717 0.7217580334 0.2362305770 0.6473114803 0.3934563612 0.4299214094 0.7487057182 0.9899502057
0.9571669482 0.3170994801 0.5059570517 0.7537290943 0.2289769687 0.5797045874 0.2416912859 0.6256185607 0.4709233485 0.3187783019 0.9132868276 0.8594423056 0.9729745548 0.1981184025 0.8818665005 0.3438770041 0.4076191970 0.6718081654 0.4734859930 0.1193962478 0.5438859340 0.6714311397 0.8877709543 0.8255838158 0.5276800693
0.4853756487 0.9502220488 0.6990767227 0.3804458470 0.9133373615 0.5498602018 0.4039121456 0.7802274352 0.2304881602 0.4241667597 0.7961838736 0.8054894245 0.6489914927 0.4896876380 0.6691753045 0.5840693333 0.8199812228 0.6951404996 0.1527212004 0.6073039407 0.7210466206 0.7412579435 0.3911829955 0.7899630299 0.4795233852
0.8002804689 0.0344460805 0.8909032525 0.5678216407 0.1523780190 0.1449547982 0.0964545252 0.0811257689 0.8443087927 0.5078582847 0.0987122787 0.5767215156 0.8003305754 0.3394934134 0.1904332672 0.1077690152 0.7183589432 0.0679927685 0.3411246070 0.4501376970 0.5224953058 0.5200524674 0.7691143874 0.3185242454 0.8013476055
0.1418863386 0.4387443597 0.9592914252 0.0758542896 0.8258169775 0.8530311177 0.1319732926 0.9293859710 0.1947642896 0.0855157971 0.2618711839 0.1829224694 0.4537977087 0.9516304648 0.3689165461 0.9063081506 0.9686493302 0.2547901566 0.6073892138 0.4587254936 0.9937046241 0.3477126713 0.3967915170 0.5340641274 0.2278429357
0.4217612826 0.3815584571 0.5472155300 0.0539501187 0.5383424353 0.6220551315 0.9420505908 0.7757126786 0.2259217810 0.2624822347 0.3353568400 0.2399320106 0.4323915038 0.9203320398 0.4607259373 0.8796537245 0.5313339066 0.2240400308 0.1917452555 0.6619447519 0.2186766324 0.1499972538 0.8085140959 0.0899506788 0.4980942912
0.9157355252 0.7655167881 0.1386244428 0.5307975530 0.9961347166 0.3509523809 0.9561345402 0.4867916324 0.1707080471 0.8010146228 0.6797279514 0.8865119331 0.8253137954 0.0526769977 0.9816379510 0.8177605594 0.3251456818 0.6678327270 0.7384268400 0.7702855148 0.1057982733 0.5860920672 0.7550770990 0.1117057442 0.9008524885
0.7922073296 0.7951999011 0.1492940056 0.7791672301 0.0781755288 0.5132495399 0.5752085951 0.4358585886 0.2276642978 0.0292202776 0.1365531374 0.0286741525 0.0834698149 0.7378580955 0.1564049522 0.2607279991 0.1056292033 0.8443921565 0.2428495983 0.3502180134 0.1096974645 0.2621453177 0.3773955448 0.1362925489 0.5746612191
0.9594924264 0.1868726046 0.2575082541 0.9340106842 0.4426782698 0.4018080338 0.0597795429 0.4467837494 0.4356986841 0.9288541395 0.7212274986 0.4899013885 0.1331710076 0.2691194264 0.8555228058 0.5943562507 0.6109586587 0.3444624113 0.9174243420 0.6620095984 0.0635913710 0.0444540923 0.2160189160 0.6786523048 0.8451781851
0.6557406992 0.4897643958 0.8407172560 0.1299062085 0.1066527702 0.0759666917 0.2347799134 0.3063494720 0.3111022867 0.7303308629 0.1067618616 0.1679271457 0.1733886131 0.4228356150 0.6447645369 0.0225125927 0.7788022418 0.7805196527 0.2690615867 0.4161585900 0.4045799959 0.7549332672 0.7904072180 0.4951770191 0.7386402920
0.0357116786 0.4455862007 0.2542821790 0.5688236609 0.9618980809 0.2399161536 0.3531585712 0.5085086554 0.9233796421 0.4886089738 0.6537573487 0.9786806496 0.3909378023 0.5478709012 0.3762722103 0.4252593202 0.4234529190 0.6753320657 0.7655000166 0.8419291527 0.4483729121 0.2427853578 0.9493039118 0.1897104060 0.5859870358
0.8491293059 0.6463130101 0.8142848261 0.4693906411 0.0046342241 0.1233189348 0.8211940402 0.5107715642 0.4302073913 0.5785250610 0.4941739366 0.7126944717 0.8313797428 0.9427369843 0.1909236952 0.3127188868 0.0908232858 0.0067153143 0.1886619768 0.8329168191 0.3658161768 0.4424023130 0.3275654341 0.4950058250 0.2467345260
0.9339932478 0.7093648309 0.2435249687 0.0119020695 0.7749104647 0.1839077883 0.0154034377 0.8176277083 0.1848163201 0.2372835798 0.7790517232 0.5004716242 0.8033643916 0.4177441043 0.4282529930 0.1614847443 0.2664714908 0.6021704876 0.2874981731 0.2564409922 0.7635046408 0.6877960851 0.6712643705 0.1476082220 0.6664162173
0.6787351549 0.7546866820 0.9292636232 0.3371226444 0.8173032207 0.2399525257 0.0430238017 0.7948314169 0.9048809687 0.4588488282 0.7150370784 0.4710883745 0.0604711792 0.9830524665 0.4820220610 0.1787661868 0.1536567176 0.3867711945 0.0911134637 0.6134607368 0.6278963796 0.3592282104 0.4386449826 0.0549741469 0.0834828136

[Matrix]
B 25 25
0.6259597852 0.1465149106 0.6209586439 0.5590325450 0.1756690297 0.4560576668 0.5261024658 0.6837155724 0.2056745215 0.1097550507 0.5312092936 0.9879347350 0.3596063180 0.1635699098 0.9210972559 0.6311887343 0.0450511075 0.9891449097 0.6623818604 0.7828720730 0.8958915738 0.7135740116 0.7390722273 0.5037807858 0.1522340129
0.6609445579 0.1890721745 0.5737097648 0.8540999493 0.2089466740 0.1016693936 0.7297094482 0.1320829557 0.3882716310 0.9337598484 0.1088179383 0.1704320231 0.5583191999 0.6659872164 0.7946578854 0.3550736519 0.7231734792 0.0669462584 0.2441652868 0.6937876150 0.0990896497 0.6183373836 0.9541744564 0.4895943387 0.3480076597
0.7297518553 0.0426524109 0.0520778903 0.3478791943 0.9051535590 0.9953897277 0.7072534853 0.7227245397 0.5517785320 0.1874608064 0.6317663735 0.2577922506 0.7425453657 0.8943893754 0.5773941967 0.9970032716 0.3474376456 0.9393983619 0.2955072508 0.0098022523 0.0441655718 0.3432878902 0.0319226295 0.8770487234 0.1216584543
0.8907521163 0.6351979169 0.9312013846 0.4460266481 0.6753911773 0.3320928335 0.7813770518 0.1103534806 0.2289532520 0.2661788389 0.1264998653 0.3967993186 0.4243347836 0.5165582084 0.4400355958 0.2241714990 0.6606168245 0.0181775336 0.6801783712 0.8432133380 0.5572951558 0.9360273267 0.3568689862 0.3531418129 0.8841530577
0.9823032229 0.2818668559 0.7286616817 0.0542394844 0.4684681999 0.2973468159 0.2879769756 0.1174928522 0.6419406204 0.7978302602 0.1343033043 0.0739947696 0.4293557886 0.7027023070 0.2576137367 0.6524510730 0.3838686011 0.6838386137 0.5278468304 0.9223319978 0.7724950672 0.1247740407 0.6626538343 0.4494435566 0.0942783901
0.7690290853 0.5385966780 0.7378416538 0.1771075338 0.9121324742 0.0620452213 0.6925319864 0.6407179230 0.4844803724 0.4876037754 0.0985940927 0.6840960670 0.1248727587 0.1535903766 0.7519463939 0.6049906419 0.6273465024 0.7837364801 0.4115935134 0.7709542207 0.3119400575 0.7305853615 0.2815015591 0.9635302868 0.9300406261
0.5814464879 0.6951630394 0.0634045007 0.6628080620 0.1040115748 0.2982439719 0.5566698350 0.3288142148 0.1518455251 0.7689582641 0.1420272484 0.4023883327 0.0244340161 0.9534570699 0.2286694821 0.3872454315 0.0216498146 0.5341375679 0.6026382180 0.0426598559 0.1789824793 0.6464774324 0.2303830673 0.0422977979 0.3990199690
0.9283130623 0.4991160135 0.8604405630 0.3308289952 0.7455460737 0.0463512649 0.3965207926 0.6538120226 0.7819319666 0.3960067452 0.1682512985 0.9828352014 0.2901852651 0.5408840812 0.0641870874 0.1421871593 0.9105699885 0.8853594509 0.7505200559 0.3781861371 0.3389556782 0.8331519857 0.7111285512 0.9729583341 0.0474014620
0.5800903658 0.5358010558 0.9344051190 0.8984861378 0.7362674556 0.5054281425 0.0615906671 0.7491314631 0.1006063224 0.2729387941 0.1962489223 0.4021839852 0.3175205829 0.6797338982 0.7673295108 0.0251349857 0.8005586563 0.8990048989 0.5835331743 0.7043396245 0.2101456370 0.3982822282 0.6245729170 0.1892068431 0.3423735032
0.0169829383 0.4451831653 0.9843983122 0.1181551984 0.5618614253 0.7614258867 0.7801755315 0.5831857315 0.2940663338 0.0372346341 0.3174797751 0.6206719472 0.6536901340 0.0365630180 0.6712021854 0.4211122538 0.7458474843 0.6259376261 0.5517925149 0.7295130455 0.5101525198 0.7498222094 0.5906086529 0.6671203000 0.7359661589
0.1208595711 0.1239322776 0.8589388167 0.9884179288 0.1841940975 0.6310699992 0.3375838641 0.7400323280 0.2373730197 0.6732949141 0.3164289991 0.1543698055 0.9569359241 0.8092038513 0.7152125148 0.1841002894 0.8131128136 0.1378689924 0.5835706188 0.2242770707 0.9063643233 0.8352205105 0.6604379663 0.5864396147 0.7946821573
0.8627107187 0.4903572935 0.7855589893 0.5399820990 0.5972113503 0.0898916508 0.6078659073 0.2348269147 0.5308722570 0.4295644593 0.2175633094 0.3813452044 0.9357308728 0.7486188718 0.6420608284 0.7257752675 0.3833063186 0.2178015937 0.5118199200 0.2690547318 0.6289239387 0.3224603974 0.0475546731 0.6751124164 0.5449058982
0.4842965112 0.8529981553 0.5133774186 0.7069174193 0.2999369901 0.0808624231 0.7412540495 0.7349575417 0.0914987313 0.4517392349 0.2510418460 0.1611339718 0.4578863339 0.1201870180 0.4190482936 0.3703626865 0.6172792323 0.1821410759 0.0825927270 0.6730311650 0.1015338888 0.5522616169 0.3487848085 0.3610220492 0.6862234630
0.8448556746 0.8739274059 0.1776024605 0.9994916201 0.1341229328 0.7772405365 0.1048132420 0.9705985251 0.4053154199 0.6098571693 0.8929224053 0.7581124313 0.2404783968 0.5250451648 0.3907620822 0.8415600875 0.5754948597 0.0418198640 0.7195701349 0.4774921977 0.3908547527 0.9791291324 0.4513405804 0.6202784271 0.8936326959
0.2094050840 0.2702943323 0.3985894967 0.2878493448 0.2126015334 0.9051347442 0.1278883798 0.8669302918 0.1048462471 0.0594032969 0.7032232246 0.8711111219 0.7638979443 0.3258336288 0.8161401029 0.7342296912 0.5300517048 0.1069416586 0.9961561113 0.6237164127 0.0546166152 0.5493085330 0.2409049971 0.8111508851 0.0547917899
0.5522913415 0.2084613588 0.1339312510 0.4145225389 0.8949416754 0.5337719518 0.5495401070 0.0862345299 0.1122839622 0.3158114383 0.5557379427 0.3507767449 0.7593273831 0.5464494399 0.3174278637 0.5710258728 0.2750697558 0.6164434851 0.3545343050 0.2364449326 0.5012829132 0.3304236096 0.7150450133 0.0192574774 0.3036613797
0.6298833851 0.5649795707 0.0308895487 0.4648399416 0.0714528128 0.1091542120 0.4852294086 0.3664366163 0.7844278907 0.7727221309 0.1844336678 0.6855357087 0.7406480650 0.3988807524 0.8145397729 0.1768550576 0.2486289597 0.9396610102 0.9712588152 0.1771237545 0.4317211719 0.6194715552 0.8561822920 0.0838735083 0.0461915563
0.0319910158 0.6403118252 0.9391417061 0.7639570785 0.2424865589 0.8258088579 0.8904756792 0.3691988043 0.2915703179 0.6964329890 0.2120308425 0.2941486338 0.7436883415 0.4150933866 0.7890735149 0.9573840226 0.4516387705 0.3544557310 0.3464487613 0.8296433857 0.9975603495 0.3606365710 0.2815076951 0.9748016672 0.1954767636
0.6147134191 0.4170289516 0.3013060646 0.8182040389 0.0537543922 0.3380977188 0.7989602788 0.6850284727 0.6035334388 0.1253321811 0.0773468081 0.5306293039 0.1059204167 0.1807377603 0.8522638903 0.2653220362 0.2277128260 0.4106290901 0.8865438618 0.7669216679 0.8116025810 0.7565095435 0.7310508297 0.6513495324 0.7201658025
0.3624114623 0.2059755155 0.2955338345 0.1002215402 0.4417220571 0.2939730530 0.7343410837 0.5979416354 0.9644226672 0.1301514504 0.9138004108 0.8324233863 0.6815604305 0.2553867405 0.5056366176 0.9245808952 0.8044495836 0.9843494170 0.4546948650 0.9344782731 0.4856516699 0.4139007487 0.1377628925 0.2312378162 0.7217532735
0.0495325790 0.9479331213 0.3329362818 0.1781169539 0.0132832005 0.7463134277 0.0513318861 0.7893639436 0.4324849940 0.0923523387 0.7067152177 0.5974901919 0.4632605786 0.0205357747 0.6356613889 0.2237704047 0.9861042419 0.9455791890 0.4134272890 0.1078889051 0.8944477556 0.4923451044 0.8367227817 0.4034911431 0.8777990712
0.4895699892 0.0820712071 0.4670681870 0.3596349135 0.8971913510 0.0103366183 0.0728852991 0.3676529184 0.6947521946 0.0078202936 0.5577889668 0.3353113307 0.2121632053 0.9236756126 0.9508944154 0.3735638076 0.0299919503 0.6766446784 0.2177320684 0.1822275056 0.1375465948 0.6947432331 0.1386017157 0.1220205183 0.5824329645
0.1925103961 0.1057094266 0.6481984065 0.0567046891 0.1966581914 0.0484473393 0.0885274597 0.2060278595 0.7580992753 0.4231093852 0.3134289899 0.2992250233 0.0985187377 0.6536998890 0.4439641550 0.0875003496 0.5356641907 0.9883022623 0.1256545874 0.0990952824 0.3900049144 0.9727338851 0.5882093854 0.2684388214 0.0706843354
0.1230837475 0.1420411219 0.0252281815 0.5218856737 0.0933705168 0.6679161216 0.7983508641 0.0866665474 0.4326423261 0.6555731749 0.1662035629 0.4525925416 0.8235744739 0.9326135720 0.0600188198 0.6401165482 0.0870772199 0.7668313872 0.3089145936 0.4897638019 0.9273562250 0.3277549605 0.3661568005 0.2578461701 0.9227445702
0.2054941709 0.1664604409 0.8422066124 0.3358489747 0.3073668996 0.6034679838 0.9430081396 0.7719339171 0.6554980398 0.7229225247 0.6224972593 0.4226456532 0.1750097374 0.1635123685 0.8667498970 0.1806168878 0.8020914406 0.3366992644 0.7261044317 0.1932453305 0.9174938324 0.8378031831 0.8067595447 0.3316652387 0.8003720924

[Vector]
X 25
0.2859468564 0.5436632328 0.9847762370 0.7156780671 0.8389695973 0.4332605610 0.4706247156 0.5607134110 0.2690915435 0.7490184676 0.5038877735 0.6468096663 0.3077455820 0.1387246361 0.4755729338 0.3624592808 0.7881134284 0.7802958208 0.6685122143 0.1335038597 0.0215558872 0.5598407059 0.3008190181 0.9394097139 0.9809036360

[Matrix]
A+B 25 25
1.4406834716 0.9042550412 0.8969837209 0.9090163110 0.3378513379 1.3247523722 0.9433695349 0.8527056019 0.8499926517 1.0895034291 1.4942978329 1.8916552955 0.4192251856 0.5628276804 1.2225522046 0.7518003476 0.4679367966 1.2701502122 1.5783731045 1.3590814536 1.4781407383 1.4855543971 1.4754123016 1.3372813814 1.0029466872
1.5667364950 0.9322046426 1.2534124417 1.0506951997 1.0032312147 0.1861052391 0.7793638785 0.7811984307 0.7668810137 1.3726298215 0.6556236570 1.0613545274 1.2402911040 1.1928630469 1.4957566413 0.9445811366 0.8174028181 0.5070313974 0.2453163439 1.3771508583 0.6398289868 1.5511909539 1.3488819317 1.2584485912 0.9085671871
0.8567386716 0.4348794304 0.7071758943 0.5989630523 1.2163686010 1.3951723768 1.6099695952 1.4544469253 1.3633589902 0.2985800299 1.1529022043 0.5919553033 0.7849765032 1.3111888433 1.2437330483 1.2231909514 0.9459613143 1.4665411036 0.7579564101 0.5563953669 0.9141066041 1.3160287442 0.7153384965 1.0443022689 1.0512673211
1.8041279725 1.2906758070 1.0938131198 1.0620713242 1.2039243128 0.5919632363 1.7261642415 0.7580994438 0.7617788408 0.5242435348 0.3580942520 1.0955451510 0.4957802482 1.1734180993 0.9791620608 0.6087906234 1.1315410809 0.4756018993 1.1045274110 1.2689421799 0.8220741823 1.1280556761 1.0609164165 1.2151222916 1.5808202583
1.6146624691 0.4530535437 0.8476593632 0.5275283333 0.6341169294 1.0974152961 0.7788410681 0.5684165586 0.9926677240 1.2065501063 0.6232010482 0.2718045963 0.9510056310 1.3306756661 0.9557192569 1.2354374557 1.0798179144 1.5592102124 0.9887631964 1.5667747792 1.0905691427 0.2636482435 1.1049592477 1.4393157102 0.6770693552
0.8665694903 1.2446427661 1.2362057058 0.5287670409 1.5141144156 0.4934590488 1.1817846248 1.1877268153 1.4234819344 1.0824998494 0.7226541809 0.7146370133 0.2216027845 0.4455744566 1.4184743073 0.8567967644 1.3272343524 1.3017885884 1.1817532420 1.4185718508 0.4311545986 1.4268516986 0.3010791827 1.4779537433 1.7454378376
0.8599447067 0.7269958858 1.0231484592 1.4936366899 0.3669828593 1.2088915663 0.8943892448 0.6251350204 1.0277883366 1.0311700118 0.8211627893 1.1464625931 0.8425825699 1.3851082401 0.4068019365 0.6776860958 0.6601805729 1.4777601924 0.9251100252 0.7216766100 1.1188119497 0.7402974592 0.5612409475 0.9265788210 1.2780338736
1.4751945815 0.7760389984 1.2008262897 0.9160930864 1.3996251722 0.2281982932 1.2965746390 1.3985048297 1.3320883095 0.9988498346 0.5637665142 1.4828576370 1.1077323572 0.5563712069 0.1922014871 0.7592780437 0.9441738246 1.5230685490 1.5352593507 1.0139728476 0.9845075532 1.3585563895 1.1354380480 1.5609843894 1.0363130781
1.5375972012 0.5819724464 1.5196728699 1.4482097461 1.4254819587 0.7692310590 0.4308374482 0.9380864781 0.7230814084 0.9841545746 0.5636855708 0.8821061264 1.0399601753 1.6637976226 1.7664099055 0.2904158955 0.8693647554 1.8566988387 1.0548903280 1.6495137376 0.6896088620 0.9286264466 0.8948433404 0.3439591918 0.3428958785
0.9818714735 0.5423149465 1.2082102517 1.0353488623 1.3100130181 0.9069648671 0.8913782868 1.2699611648 0.8811110383 0.2589813681 1.3054617783 1.5253941853 0.8035555764 0.2037314280 0.8423232517 1.2454885205 1.0654472195 0.8666446616 0.5875552482 0.9384479679 1.1494694808 1.6109620208 0.7876624510 0.8669831229 1.6014047499
0.2784726528 0.9473901059 1.6102058760 1.2742569476 0.6347356960 0.7671385579 1.1178359324 0.9235434837 0.4451153124 0.7907125650 0.3541678654 0.7642364539 1.6165411770 0.9154201962 0.7478133353 1.1667636891 1.3439770943 0.8139912963 0.7594450344 0.9335587734 1.4510804338 1.3200738440 1.4821591513 0.9933944518 1.4072486268
1.8333035005 1.1851859164 1.0406541047 1.2971823281 0.6810327283 0.9591838584 0.9976047442 0.6033115112 0.8321185873 0.7262403325 1.1027313176 0.9990115940 1.4543258153 1.1210286118 1.2032606211 1.4560240597 1.0377520264 0.5068661654 1.2335779533 0.5052853088 1.2762354189 0.7159167586 0.4774760825 1.4238181346 1.5348561040
1.4414634595 1.1700976354 1.0193344703 1.4606465136 0.5289139588 0.6605670105 0.9829453354 1.3605761024 0.5624220799 0.7705175368 1.1643286737 1.0205762775 1.4308608886 0.3183054205 1.3009147941 0.7142396906 1.0248984294 0.8539492413 0.5560787200 0.7924274128 0.6454198228 1.2236927565 1.2365557628 1.1866058650 1.2139035323
1.3302313233 1.8241494547 0.8766791832 1.3799374671 1.0474602943 1.3271007384 0.5087253876 1.7508259602 0.6358035801 1.0340239290 1.6891062789 1.5636018559 0.8894698895 1.0147328028 1.0599373867 1.4256294207 1.3954760825 0.7369603635 0.8722913353 1.0847961384 1.1119013733 1.7203870759 0.8425235758 1.4102414570 1.3731560811
1.0096855529 0.3047404128 1.2894927493 0.8556709855 0.3649795523 1.0500895424 0.2243429050 0.9480560606 0.9491550398 0.5672615815 0.8019355032 1.4478326375 1.5642285196 0.6653270422 1.0065733701 0.8419987064 1.2484106480 0.1749344270 1.3372807183 1.0738541096 0.5771119210 1.0693610004 1.0100193845 1.1296751305 0.8561393954
0.6941776802 0.6472057184 1.0932226762 0.4903768285 1.7207586529 1.3868030695 0.6815133996 1.0156205008 0.3070482517 0.4013272354 0.8176091266 0.5336992143 1.2131250919 1.4980799047 0.6863444097 1.4773340235 1.2437190861 0.8712336417 0.9619235187 0.6951704263 1.4949875373 0.6781362809 1.1118365303 0.5533216048 0.5315043154
1.0516446677 0.9465380278 0.5781050787 0.5187900603 0.6097952480 0.7312093435 1.4272799994 1.1421492949 1.0103496717 1.0352043656 0.5197905077 0.9254677193 1.1730395688 1.3192127922 1.2752657102 1.0565087821 0.7799628662 1.1637010410 1.1630040706 0.8390685064 0.6503978043 0.7694688090 1.6646963879 0.1738241871 0.5442858475
0.9477265410 1.4058286133 1.0777661489 1.2947546315 1.2386212756 1.1767612387 1.8466102194 0.8559904367 0.4622783651 1.4974476118 0.8917587939 1.1806605668 1.5690021369 0.4677703843 1.7707114659 1.7751445820 0.7767844523 1.0222884580 1.0848756013 1.5999289005 1.1033586228 0.9467286382 1.0365847941 1.0865074114 1.0963292522
1.4069207487 1.2122288528 0.4506000701 1.5973712690 0.1319299210 0.8513472587 1.3741688739 1.1208870612 0.8311977366 0.1545524587 0.2138999455 0.5593034563 0.1893902316 0.9185958558 1.0086688426 0.5260500352 0.3333420294 1.2550212466 1.1293934601 1.1171396814 0.9213000455 1.0186548612 1.1084463746 0.7876420814 1.2948270216
1.3219038887 0.3928481201 0.5530420886 1.0342322244 0.8844003268 0.6957810868 0.7941206266 1.0447253848 1.4001213513 1.0590055899 1.6350279094 1.3223247748 0.8147314381 0.5245061669 1.3611594234 1.5189371459 1.4154082424 1.3288118283 1.3721192070 1.5964878715 0.5492430409 0.4583548410 0.3537818085 0.9098901210 1.5669314586
0.7052732782 1.4376975171 1.1736535378 0.3080231624 0.1199359706 0.8222801194 0.2861117995 1.0957134157 0.7435872806 0.8226832016 0.8134770793 0.7654173376 0.6366491917 0.4433713897 1.2804259257 0.2462829974 1.7649064837 1.7260988418 0.6824888757 0.5240474951 1.2990277514 1.2472783716 1.6271299997 0.8986681622 1.6164393631
0.5252816678 0.5276574078 0.7213503660 0.9284585744 1.8590894318 0.2502527719 0.4260438703 0.8761615738 1.6181318367 0.4964292674 1.2115463154 1.3139919803 0.6031010076 1.4715465138 1.3271666257 0.7988231279 0.4534448692 1.3519767442 0.9832320850 1.0241566583 0.5859195068 0.9375285910 1.0879056276 0.3117309243 1.1684200003
1.0416397019 0.7520224367 1.4624832325 0.5260953301 0.2012924155 0.1717662741 0.9097214999 0.7167994237 1.1883066666 1.0016344462 0.8076029266 1.0119194950 0.9298984805 1.5964368733 0.6348878503 0.4002192364 0.6264874765 0.9950175766 0.3143165642 0.9320121015 0.7558210913 1.4151361981 0.9157748195 0.7634446464 0.3174188614
1.0570769953 0.8514059528 0.2687531502 0.5337877432 0.8682809815 0.8518239099 0.8137543018 0.9042942557 0.6174586463 0.8928567547 0.9452552861 0.9530641657 1.6269388655 1.3503576764 0.4882718128 0.8016012926 0.3535487107 1.3690018748 0.5964127666 0.7462047942 1.6908608658 1.0155510456 1.0374211709 0.4054543921 1.5891607875
0.8842293258 0.9211471229 1.7714702356 0.6729716191 1.1246701202 0.8434205095 0.9860319412 1.5667653340 1.5603790085 1.1817713529 1.3375343377 0.8937340278 0.2354809166 1.1465648350 1.3487719580 0.3593830745 0.9557481581 0.7234704589 0.8172178954 0.8067060673 1.5453902120 1.1970313935 1.2454045272 0.3866393856 0.8838549060

[Matrix]
A-B 25 25
0.1887639012 0.6112252200 -0.3449335669 -0.2090487790 -0.0134867215 0.4126370385 -0.1088353967 -0.5147255429 0.4386436087 0.8699933276 0.4318792457 -0.0842141744 -0.2999874504 0.2356878608 -0.6196423072 -0.5105771210 0.3778345816 -0.7081396072 0.2536093837 -0.2066626923 -0.3136424093 0.0584063740 -0.0027321530 0.3297198098 0.6984786614
0.2448473791 0.5540602937 0.1059929120 -0.6575046988 0.5853378667 -0.0172335481 -0.6800550179 0.5170325192 -0.0096622484 -0.4948898753 0.4379877805 0.7204904813 0.1236527043 -0.1391113859 -0.0935591295 0.2344338328 -0.6289441403 0.3731388806 -0.2430142297 -0.0104243717 0.4416496874 0.3145161867 -0.5594669811 0.2792599137 0.2125518676
-0.6027650390 0.3495746086 0.6030201137 -0.0967953364 -0.5939385170 -0.5956070786 0.1954626246 0.0089978460 0.2598019263 -0.0763415830 -0.1106305427 0.0763708022 -0.7001142282 -0.4775899074 0.0889446549 -0.7708155919 0.2510860232 -0.4122556201 0.1669419084 0.5367908623 0.8257754606 0.6294529638 0.6514932375 -0.7097951779 0.8079504124
0.0226237398 0.0202799733 -0.7685896494 0.1700180281 -0.1468580418 -0.0722224306 0.1634101379 0.5373924825 0.3038723368 -0.0081141430 0.1050945214 0.3019465137 -0.3528893190 0.1403016826 0.0990908693 0.1604476254 -0.1896925681 0.4392468321 -0.2558293314 -0.4174844961 -0.2925161293 -0.7439989773 0.3471784442 0.5088386658 -0.1874858572
-0.3499439767 -0.1106801681 -0.6096640001 0.4190493645 -0.3028194704 0.5027216643 0.2028871169 0.3334308543 -0.2912135168 -0.3891104141 0.3545944396 0.1238150571 0.0922940539 -0.0747289478 0.4404917835 -0.0694646902 0.3120807122 0.1915329849 -0.0669304644 -0.2778892164 -0.4544209917 0.0141001622 -0.2203484209 0.5404285971 0.4885125751
-0.6714886803 0.1674494100 -0.2394776018 0.1745519733 -0.3101505328 0.3693686061 -0.2032793480 -0.0937090307 0.4545211896 0.1072922986 0.5254659955 -0.6535551207 -0.0281427329 0.1383937033 -0.0854184805 -0.3531845194 0.0725413475 -0.2656843717 0.3585662152 -0.1233365905 -0.1927255164 -0.0343190244 -0.2619239356 -0.4491068303 -0.1146434146
-0.3029482690 -0.6633301931 0.8963394578 0.1680205659 0.1589597098 0.6124036225 -0.2189504251 -0.0324934091 0.7240972864 -0.5067465163 0.5371082924 0.3416859277 0.7937145378 -0.5218058996 -0.0505370277 -0.0968047672 0.6168809436 0.4094850567 -0.2801664108 0.6363568982 0.7608469910 -0.5526574057 0.1004748129 0.8419832252 0.4799939356
-0.3814315431 -0.2221930285 -0.5200548364 0.2544350959 -0.0914669752 0.1354957634 0.5035330538 0.0908807845 -0.2317756237 0.2068363442 0.2272639172 -0.4828127658 0.5273618269 -0.5253969556 0.0638273123 0.4749037251 -0.8769661525 -0.2476503529 0.0342192388 0.2576005735 0.3065961967 -0.3077475818 -0.2868190543 -0.3849322788 0.9415101541
0.3774164697 -0.4896296651 -0.3491373680 -0.3487625295 -0.0470529525 -0.2416252259 0.3076561141 -0.5601764481 0.5218687636 0.4382769863 0.1711877263 0.0777381559 0.4049190095 0.3043298262 0.2317508840 0.2401459241 -0.7317525572 0.0586890409 -0.1121760206 0.2408344886 0.2693175879 0.1320619902 -0.3543024936 -0.0344544945 -0.3418511278
0.9479055969 -0.3480513841 -0.7605863727 0.7990384654 0.1862901675 -0.6158869063 -0.6689727762 0.1035897019 0.2929783708 0.1845120999 0.6705022280 0.2840502909 -0.5038246915 0.1306053919 -0.5000811190 0.4032640129 -0.4262477492 -0.3852305906 -0.5160297817 -0.5205781231 0.1291644413 0.1113176020 -0.3935548548 -0.4672574772 0.1294724321
0.0367535106 0.6995255507 -0.1076717574 -0.7025789100 0.2663475010 -0.4950014405 0.4426682043 -0.5565211723 -0.0296307270 -0.5558772633 -0.2786901329 0.4554968429 -0.2973306712 -0.7029875064 -0.6826116943 0.7985631103 -0.2822485329 0.5382533115 -0.4076962031 0.4850046320 -0.3616482127 -0.3503671769 0.1612832186 -0.1794847775 -0.1821156878
0.1078820631 0.2044713295 -0.5304638738 0.2172181301 -0.5133899723 0.7794005569 -0.2181270703 0.1336576817 -0.2296259267 -0.1328885860 0.6676046988 0.2363211851 -0.4171359303 -0.3762091317 -0.0808610357 0.0044735248 0.2711393891 0.0712629780 0.2099381134 -0.0328241548 0.0183875416 0.0709959639 0.3823667363 0.0735933018 0.4450443075
0.4728704370 -0.5358986753 -0.0074203669 0.0468116750 -0.0709600214 0.4988421642 -0.4995627636 -0.1093389810 0.3794246172 -0.1329609330 0.6622449816 0.6983083338 0.5150882209 0.0779313846 0.4628182068 -0.0264856824 -0.2096600353 0.4896670895 0.3908932660 -0.5536349172 0.4423520452 0.1191695228 0.5389861457 0.4645617666 -0.1585433936
-0.3594800259 0.0762946430 0.5214742622 -0.6190457731 0.7792144287 -0.2273803347 0.2990989036 -0.1903710899 -0.1748272597 -0.1856904096 -0.0967385317 0.0473769932 0.4085130959 -0.0353575267 0.2784132223 -0.2574907542 0.2444863631 0.6533206356 -0.5668489344 0.1298117430 0.3301918679 -0.2378711890 -0.0601575849 0.1696846029 -0.4141093107
0.5908753849 -0.2358482518 0.4923137558 0.2799722959 -0.0602235144 -0.7601799460 -0.0314338546 -0.7858045229 0.7394625456 0.4484549878 -0.6045109459 -0.2943896063 0.0364326311 0.0136597846 -0.6257068357 -0.6264606759 0.1883072384 -0.0389488901 -0.6550315042 -0.1735787157 0.4678786906 -0.0292560656 0.5282093903 -0.4926266397 0.7465558156
-0.4104050029 0.2302830009 0.8253601742 -0.3386682493 -0.0691246980 0.3192591660 -0.4175668144 0.8431514411 0.0824803274 -0.2302956412 -0.2938667588 -0.1678542755 -0.3055296744 0.4051810249 0.0514886824 0.3352822778 0.6935795744 -0.3616533285 0.2528549088 0.2222805610 0.4924217109 0.0172890617 -0.3182534963 0.5148066500 -0.0758184440
-0.2081221024 -0.1834211136 0.5163259812 -0.4108898230 0.4668896225 0.5129009194 0.4568211822 0.4092760623 -0.5585061098 -0.5102398962 0.1509231722 -0.4456036982 -0.3082565612 0.5214512875 -0.3538138356 0.7027986669 0.2827049469 -0.7156209793 -0.7795135597 0.4848209974 -0.2130445395 -0.4694743013 -0.0476681961 0.0060771705 0.4519027349
0.8837445094 0.1252049630 -0.8005172632 -0.2331595255 0.7536481577 -0.4748564770 0.0656588610 0.1175928281 -0.1208622708 0.1045816338 0.4676971088 0.5923632993 0.0816254539 -0.3624163889 0.1925644360 -0.1396234632 -0.1264930886 0.3133769960 0.3919780787 -0.0593578709 -0.8917620763 0.2254554962 0.4735694039 -0.8630959230 0.7053757249
0.1774939104 0.3781709495 -0.1520120590 -0.0390368088 0.0244211365 0.1751518211 -0.2237516837 -0.2491698841 -0.3758691409 -0.0961119035 0.0592063292 -0.5019551514 -0.0224506019 0.5571203353 -0.6958589381 -0.0045940371 -0.1220836227 0.4337630665 -0.6436942634 -0.4167036545 -0.7019051165 -0.4943642258 -0.3536552849 -0.5150569835 -0.1455045834
0.5970809641 -0.0191029110 -0.0380255804 0.8337891440 0.0009562127 0.1078349807 -0.6745615407 -0.1511578860 -0.5287239831 0.7987026891 -0.1925729122 -0.3425219978 -0.5483894229 0.0137326859 0.3498861883 -0.3302246446 -0.1934909249 -0.6398870057 0.4627294771 -0.2724686748 -0.4220602989 -0.3694466564 0.0782560234 0.4474144886 0.1234249116
0.6062081201 -0.4581687255 0.5077809741 -0.0482107454 0.0933695697 -0.6703467360 0.1834480273 -0.4830144716 -0.1213827073 0.6379785241 -0.5999533561 -0.4295630462 -0.2898719655 0.4022998404 0.0091031480 -0.2012578120 -0.2073020001 -0.1650595363 -0.1443657023 0.3082696849 -0.4898677597 0.2625881628 -0.0463155638 0.0916858760 -0.1391587792
-0.4538583106 0.3635149936 -0.2127860081 0.2091887474 0.0647067299 0.2295795352 0.2802732721 0.1408557369 0.2286274475 0.4807886802 0.0959683819 0.6433693189 0.1787745971 -0.3758047114 -0.5746222051 0.0516955126 0.3934609687 -0.0013126127 0.5477679483 0.6597016471 0.3108263173 -0.4519578753 0.8107021961 0.0676898878 0.0035540713
0.6566189098 0.5406035835 0.1660864196 0.4126859520 -0.1920239672 0.0748715956 0.7326665805 0.3047437047 -0.3278918840 0.1554156759 0.1807449467 0.4134694483 0.7328610052 0.2890370953 -0.2530404598 0.2252185372 -0.4448409049 -0.9815869480 0.0630073894 0.7338215367 -0.0241887376 -0.5303315721 -0.2606439513 0.2265670036 0.1760501906
0.8109095002 0.5673237090 0.2182967872 -0.5099836042 0.6815399480 -0.4840083333 -0.7829474265 0.7309611609 -0.2478260060 -0.4182895952 0.6128481603 0.0478790826 -0.0202100823 -0.5148694677 0.3682341732 -0.4786318039 0.1793942709 -0.1646608996 -0.0214164205 -0.2333228097 -0.1638515841 0.3600411246 0.3051075700 -0.1102379481 -0.2563283529
0.4732409840 0.5882262411 0.0870570108 0.0012736697 0.5099363211 -0.3635154582 -0.8999843379 0.0228974998 0.2493829289 -0.2640736965 0.0925398191 0.0484427213 -0.1145385582 0.8195400979 -0.3847278360 -0.0018507010 -0.6484347230 0.0500719301 -0.6349909680 0.4202154063 -0.2895974528 -0.4785749727 -0.3681145621 -0.2766910918 -0.7168892787

[Matrix]
A*B 25 25
6.4064159053 5.1076848390 8.0458807791 6.9247255587 5.3974249421 5.7926159362 7.4966314253 7.2554286909 6.4752347391 5.7030873323 4.9943202748 6.9641889580 6.7176501878 6.8336331003 9.2102875086 6.1541038280 7.1683627923 8.1092904096 7.4008503036 6.8354497768 7.8097580793 9.0739812206 7.2561506844 6.7686565133 7.9915404780
6.6065767986 4.6220402091 7.1490445213 6.1325146012 5.6918113087 5.7405371995 6.5050812599 6.6001071009 5.8896009458 5.2728505220 5.5285424330 6.3272927641 7.1376760730 6.9485903836 7.7326800303 6.8946880418 6.6301411424 7.4960971418 6.3446889207 6.4524411243 6.6676223163 7.4738882082 6.3060028071 6.4151374717 6.1743081253
6.0575547921 5.0528025375 6.5384745112 5.9010976344 5.1418588243 5.3415019049 5.6889649662 6.8523457685 6.0648823270 5.2189170323 5.0330359793 6.2103955550 5.4517085028 6.6782392784 7.8035840897 5.3493264162 6.6500393042 7.6822992871 6.8301475287 5.0655042723 5.9344325284 7.8785559160 6.2336137278 5.7683043147 5.8513097446
6.6195308686 4.9608220137 6.5794548943 6.2522960339 4.4564264266 5.1467067306 6.5319001014 5.8589185178 5.4968990566 5.8192832735 4.3836313427 6.4796175149 5.7435796186 6.6575027034 7.0018988025 5.8336729593 5.8843174620 7.0840697341 6.9691742778 6.1327115254 6.6781292310 7.7948272441 6.4656703446 5.6906517246 5.8213847783
5.5846267545 5.1820230883 6.2551998632 6.0478900068 4.4345292466 5.5529654799 6.8174504981 6.3474472195 5.1895640042 5.4020416117 4.5459259824 6.5699597038 6.1154769237 5.5863026689 7.0913061790 6.0925550953 6.0659459255 6.9710329937 6.7096668292 6.4135156648 6.7387841074 7.5947603799 6.0614890262 5.9668054340 6.3888760757
5.8957349749 4.4009201059 6.5105409848 6.0370603685 5.0133850880 5.2905134109 6.3623041959 6.2886823375 5.5029119266 5.2269736348 4.2059306195 5.7875762109 5.7570953749 6.1430239638 7.5310509862 5.3227899030 6.2478102563 6.7464985986 6.8423336004 6.2073126468 5.8138779759 7.1928072494 6.2180893076 5.6743947860 5.8179395258
6.5834297575 6.2264652384 7.5433573370 6.7834835387 5.7642820613 6.4634765913 7.8094041397 7.3942333059 6.0116977547 5.9751589924 5.0728401419 6.4623299767 7.1763316515 6.5832931592 8.1423440492 6.7148479417 7.6226961808 8.0915170045 6.9757913502 6.6504999550 7.6321932829 8.0466859049 6.3676647622 6.8831952875 7.7672845352
6.2781128705 5.3635241714 7.3733056144 6.1204564736 5.3227632079 5.3543160734 7.3922760783 6.4211763516 5.6921178013 5.3655115496 4.5326472159 6.0221735173 5.8788414951 6.2731874518 7.3280428530 5.7162712947 6.6575786702 7.5736273696 6.5879970164 6.4320252000 7.1997183576 7.7709771182 6.6038074476 5.8450868207 6.7387923842
6.2460890918 5.5351260261 6.9098343565 6.1887384468 5.0622983988 6.2627224280 6.1318411389 7.1899670801 5.0282239177 4.3279040148 5.4957870931 6.6271226465 6.3721099387 5.7259704705 7.7139532056 7.1747103964 6.3441517214 6.8818932945 6.7439917092 7.2904866987 6.2913172723 7.3983214307 5.4118637804 6.6299834520 6.0902998790
6.1470513829 4.1952298886 7.1677068678 5.3716727064 5.4192326843 4.6396242561 5.4402235416 5.5094173641 4.9272815921 4.5226146131 4.3566902394 5.3952011700 5.8631410601 5.9704634921 6.9479388244 4.7842579218 5.9330785967 6.4741430146 6.1772533290 5.1771968931 6.7303402004 6.9511365013 6.0804603000 5.0524506215 5.6480619258
5.5486233830 4.3181840201 5.2155632234 5.0773715052 4.6692622656 4.3220044809 6.2613103826 4.6782119567 5.2312795483 5.2319064208 4.2167956812 4.6021767346 5.6030450444 6.0709228264 6.2828370333 5.5221684546 5.3355684393 6.7305148645 4.8883973012 4.7169814078 5.3364650362 6.2201260057 5.4375006645 4.4782445981 4.9910349316
6.7070040119 5.3568755160 7.3464477822 6.9621408911 5.1845126555 5.6813474153 7.5560718098 7.0055571377 5.7137388199 5.9004559587 4.8994849051 6.8696810550 6.6862154640 6.3278716690 8.6024732559 5.9355130917 6.8955511098 7.3232768669 7.4578314037 6.5013912737 7.5773226160 8.8430675865 7.4181482788 6.4564565098 7.4700583250
6.7341577257 5.5517075222 8.1552448731 7.0090222620 5.6437117187 5.8967818957 7.2580996321 7.2810365210 5.8343640622 5.6529489015 4.9536512650 6.8467153149 7.2261288987 7.0642316816 8.6533792284 6.4069983472 7.0718412662 7.7685582324 7.2186309502 6.7755554485 7.4342524052 8.8966424787 6.8232136848 7.1941120654 6.9509530230
7.7052448359 5.9110793865 7.8873414819 7.1191960730 6.1640163114 6.2428169698 7.7543520470 7.2740724440 6.9271182081 6.8843932234 5.5597943341 7.1052044887 8.1371042993 7.9278190107 8.7610238639 7.4921762939 7.7101622896 8.5122255409 7.6310073976 7.1764515206 7.6037292774 8.7265932592 7.5215417538 7.4385473276 7.1084596584
5.3137874210 4.2601076197 5.6941546047 4.8660321553 4.4897283157 4.5278591998 5.4495918351 5.8825099131 4.9092275131 3.7838377951 4.3439478192 5.2281613731 4.9847899929 4.9219565228 6.8304932731 4.6501477514 5.4094292553 6.8476220370 5.4456093946 4.8166449295 5.1938094981 6.6410247318 5.2226723636 4.5763980553 5.2552704077
7.0248688051 5.3970640986 5.3484057890 5.5765885523 5.2992750627 5.3245599765 5.9345037111 6.5944644461 6.2037265474 5.4133111636 4.9736892407 6.3891838835 6.0574527270 6.0617802795 6.7806574875 6.2066103029 6.4791005996 7.9788003297 6.5615338466 5.5699276616 6.0111480666 7.2866591795 6.6390898380 6.2935849575 5.8616811365
6.2438757326 4.6592408221 5.3398057363 5.2086498914 4.6916430836 4.5604419545 5.5162321192 5.9233206754 5.2256757819 5.2052911282 4.6270636033 5.8823849763 4.9844507625 5.7576905653 6.0279476205 5.5839844821 5.7383760148 6.8310833426 6.0037549670 4.9885800510 5.0192655163 7.1542044324 5.7116845090 5.2811876983 4.9348257183
7.5660235793 5.6242163461 8.7830173293 6.9939018234 6.0076492816 5.8758869934 8.3661374703 7.2377642971 6.4977327614 6.4803366921 5.3855842365 7.1515362911 7.3783115884 7.2648841020 9.2448985632 7.2044915525 7.4007391487 7.9336460956 8.0800705141 7.9125750310 7.7792003698 9.2194206783 7.6239495996 7.1333509933 6.8486234393
4.7604310074 3.7164035076 5.0450602626 4.7774765434 3.3534383264 3.6179769101 4.9485201758 4.3260239288 3.6556800015 4.1615660815 3.2142095253 4.5369285661 3.5175919574 4.2299328419 5.3295582949 4.2935620643 4.4311882898 4.4067435087 4.6275740657 4.7828204230 4.5313090565 5.9617876462 4.5206352936 4.4287288587 4.3262415407
6.0383997591 4.4749585396 7.1813565462 5.8609004288 4.9179196881 5.8340295772 7.2117604000 6.4576280655 5.3306762363 4.7277136988 4.5524403471 6.7566338796 6.5569785591 5.3832235623 7.7244708502 5.8206025210 6.3505299315 6.7714655080 7.5825055092 6.9791131648 7.2555707228 7.8298908315 6.5849975486 6.2121409911 6.3945341463
4.5730624566 3.8379601152 5.5179012303 4.8286730873 4.0182165042 5.1509632423 5.5598452978 5.7293895468 5.2163734674 4.2527517247 4.5132341390 5.5523451368 5.2967222617 5.2385895223 7.0639544474 5.3016048439 5.2003048239 6.7544195339 5.6261753978 4.8263864360 5.3133841512 6.7564018019 5.3418901111 5.2907114587 4.6171775488
6.7806224976 5.4712222866 7.8407807350 6.3505464799 5.3249817622 5.2713910283 6.5578310293 6.4572820876 6.2437095965 5.7706086874 4.6290241199 5.9465963755 6.4483485716 6.6745936522 7.6906815679 5.9325250148 7.3681522158 7.2843811698 6.9867498936 6.7774504929 7.0016831120 7.8627173736 6.6702371653 6.2681357517 6.3660561872
6.2524718587 4.8565776014 5.7046938135 6.1666755990 4.7483004146 4.9676296277 6.1169786382 6.3163231437 4.8716745599 4.5959155402 4.8863546028 5.9181284206 5.7073267939 6.1146208961 6.4916696492 5.9133416345 5.8836040187 6.4403241474 5.7404082752 5.4621963132 5.1909945733 7.3308677288 5.2563836608 5.3894618089 6.2065186016
5.5860859473 4.4634683180 6.8747835497 5.5504490357 4.1986838054 4.5120805036 5.3989130600 6.2014072839 5.3007453414 4.9832995927 4.4296396501 5.4745946178 5.5111647108 5.3720229093 7.1347736349 5.1312928417 6.2536250218 6.4693747892 5.6981057257 5.5424682012 6.2515043192 7.1462294959 6.3745624143 5.9320884757 5.1550029937
6.4401866759 4.5606997631 6.6887329579 5.7680385037 5.1224213627 5.4597669904 4.9804055236 6.4888864396 5.2239844619 4.6419633884 4.8496386626 5.8371290698 5.8908523325 6.1336408373 6.8667580353 5.8539105198 6.7110160708 6.8537101363 6.0993911214 5.9127542113 5.5037326658 6.9570736760 5.9077378079 6.3078014507 5.1052870655

[Matrix]
A^T 25 25
0.8147236864 0.9057919371 0.1269868163 0.9133758561 0.6323592462 0.0975404050 0.2784982189 0.5468815192 0.9575068354 0.9648885352 0.1576130817 0.9705927818 0.9571669482 0.4853756487 0.8002804689 0.1418863386 0.4217612826 0.9157355252 0.7922073296 0.9594924264 0.6557406992 0.0357116786 0.8491293059 0.9339932478 0.6787351549
0.7577401306 0.7431324681 0.3922270195 0.6554778902 0.1711866878 0.7060460880 0.0318328464 0.2769229850 0.0461713906 0.0971317812 0.8234578283 0.6948286230 0.3170994801 0.9502220488 0.0344460805 0.4387443597 0.3815584571 0.7655167881 0.7951999011 0.1868726046 0.4897643958 0.4455862007 0.6463130101 0.7093648309 0.7546866820
0.2760250770 0.6797026769 0.6550980040 0.1626117352 0.1189976816 0.4983640520 0.9597439585 0.3403857267 0.5852677510 0.2238119395 0.7512670593 0.2550951155 0.5059570517 0.6990767227 0.8909032525 0.9592914252 0.5472155300 0.1386244428 0.1492940056 0.2575082541 0.8407172560 0.2542821790 0.8142848261 0.2435249687 0.9292636232
0.3499837660 0.1965952504 0.2510838580 0.6160446761 0.4732888489 0.3516595071 0.8308286279 0.5852640912 0.5497236083 0.9171936638 0.2858390188 0.7572002291 0.7537290943 0.3804458470 0.5678216407 0.0758542896 0.0539501187 0.5307975530 0.7791672301 0.9340106842 0.1299062085 0.5688236609 0.4693906411 0.0119020695 0.3371226444
0.1621823082 0.7942845407 0.3112150420 0.5285331355 0.1656487295 0.6019819414 0.2629712845 0.6540790985 0.6892145031 0.7481515928 0.4505415985 0.0838213780 0.2289769687 0.9133373615 0.1523780190 0.8258169775 0.5383424353 0.9961347166 0.0781755288 0.4426782698 0.1066527702 0.9618980809 0.0046342241 0.7749104647 0.8173032207
0.8686947054 0.0844358455 0.3997826491 0.2598704029 0.8000684802 0.4314138275 0.9106475944 0.1818470283 0.2638029165 0.1455389804 0.1360685587 0.8692922076 0.5797045874 0.5498602018 0.1449547982 0.8530311177 0.6220551315 0.3509523809 0.5132495399 0.4018080338 0.0759666917 0.2399161536 0.1233189348 0.1839077883 0.2399525257
0.4172670691 0.0496544303 0.9027161099 0.9447871897 0.4908640925 0.4892526384 0.3377194098 0.9000538464 0.3692467811 0.1112027553 0.7802520683 0.3897388370 0.2416912859 0.4039121456 0.0964545252 0.1319732926 0.9420505908 0.9561345402 0.5752085951 0.0597795429 0.2347799134 0.3531585712 0.8211940402 0.0154034377 0.0430238017
0.1689900295 0.6491154750 0.7317223857 0.6477459631 0.4509237064 0.5470088923 0.2963208056 0.7446928071 0.1889550150 0.6867754334 0.1835111557 0.3684845965 0.6256185607 0.7802274352 0.0811257689 0.9293859710 0.7757126786 0.4867916324 0.4358585886 0.4467837494 0.3063494720 0.5085086554 0.5107715642 0.8176277083 0.7948314169
0.6443181302 0.3786093827 0.8115804583 0.5328255888 0.3507271036 0.9390015620 0.8759428115 0.5501563429 0.6224750860 0.5870447045 0.2077422927 0.3012463303 0.4709233485 0.2304881602 0.8443087927 0.1947642896 0.2259217810 0.1707080471 0.2276642978 0.4356986841 0.3111022867 0.9233796421 0.4302073913 0.1848163201 0.9048809687
0.9797483784 0.4388699731 0.1111192234 0.2580646959 0.4087198461 0.5948960740 0.2622117478 0.6028430894 0.7112157804 0.2217467340 0.1174176509 0.2966758732 0.3187783019 0.4241667597 0.5078582847 0.0855157971 0.2624822347 0.8010146228 0.0292202776 0.9288541395 0.7303308629 0.4886089738 0.5785250610 0.2372835798 0.4588488282
0.9630885393 0.5468057187 0.5211358308 0.2315943867 0.4888977439 0.6240600882 0.6791355409 0.3955152157 0.3674366485 0.9879820032 0.0377388662 0.8851680082 0.9132868276 0.7961838736 0.0987122787 0.2618711839 0.3353568400 0.6797279514 0.1365531374 0.7212274986 0.1067618616 0.6537573487 0.4941739366 0.7790517232 0.7150370784
0.9037205606 0.8909225043 0.3341630527 0.6987458323 0.1978098267 0.0305409463 0.7440742604 0.5000224356 0.4799221411 0.9047222381 0.6098666484 0.6176663896 0.8594423056 0.8054894245 0.5767215156 0.1829224694 0.2399320106 0.8865119331 0.0286741525 0.4899013885 0.1679271457 0.9786806496 0.7126944717 0.5004716242 0.4710883745
0.0596188676 0.6819719041 0.0424311375 0.0714454646 0.5216498425 0.0967300258 0.8181485539 0.8175470921 0.7224395924 0.1498654425 0.6596052529 0.5185949425 0.9729745548 0.6489914927 0.8003305754 0.4537977087 0.4323915038 0.8253137954 0.0834698149 0.1331710076 0.1733886131 0.3909378023 0.8313797428 0.8033643916 0.0604711792
0.3992577706 0.5268758305 0.4167994679 0.6568598910 0.6279733592 0.2919840800 0.4316511702 0.0154871256 0.9840637244 0.1671684099 0.1062163449 0.3724097401 0.1981184025 0.4896876380 0.3394934134 0.9516304648 0.9203320398 0.0526769977 0.7378580955 0.2691194264 0.4228356150 0.5478709012 0.9427369843 0.4177441043 0.9830524665
0.3014549487 0.7010987559 0.6663388516 0.5391264650 0.6981055202 0.6665279134 0.1781324544 0.1280143997 0.9990803948 0.1711210664 0.0326008205 0.5611997927 0.8818665005 0.6691753045 0.1904332672 0.3689165461 0.4607259373 0.9816379510 0.1564049522 0.8555228058 0.6447645369 0.3762722103 0.1909236952 0.4282529930 0.4820220610
0.1206116133 0.5895074847 0.2261876798 0.3846191244 0.5829863827 0.2518061225 0.2904406643 0.6170908844 0.2652809098 0.8243762667 0.9826633997 0.7302487923 0.3438770041 0.5840693333 0.1077690152 0.9063081506 0.8796537245 0.8177605594 0.2607279991 0.5943562507 0.0225125927 0.4252593202 0.3127188868 0.1614847443 0.1787661868
0.4228856891 0.0942293389 0.5985236688 0.4709242564 0.6959493133 0.6998878499 0.6385307583 0.0336038361 0.0688060991 0.3195997352 0.5308642807 0.6544457078 0.4076191970 0.8199812228 0.7183589432 0.9686493302 0.5313339066 0.3251456818 0.1056292033 0.6109586587 0.7788022418 0.4234529190 0.0908232858 0.2664714908 0.1536567176
0.2810053025 0.4400851390 0.5271427418 0.4574243657 0.8753715986 0.5180521084 0.9436226245 0.6377090981 0.9576939398 0.2407070355 0.6761223039 0.2890645717 0.6718081654 0.6951404996 0.0679927685 0.2547901566 0.2240400308 0.6678327270 0.8443921565 0.3444624113 0.7805196527 0.6753320657 0.0067153143 0.6021704876 0.3867711945
0.9159912441 0.0011510571 0.4624491592 0.4243490398 0.4609163660 0.7701597286 0.3224718072 0.7847392948 0.4713571537 0.0357627333 0.1758744157 0.7217580334 0.4734859930 0.1527212004 0.3411246070 0.6073892138 0.1917452555 0.7384268400 0.2428495983 0.9174243420 0.2690615867 0.7655000166 0.1886619768 0.2874981731 0.0911134637
0.5762093807 0.6833632433 0.5465931146 0.4257288419 0.6444427814 0.6476176302 0.6790167541 0.6357867105 0.9451741131 0.2089349224 0.7092817027 0.2362305770 0.1193962478 0.6073039407 0.4501376970 0.4587254936 0.6619447519 0.7702855148 0.3502180134 0.6620095984 0.4161585900 0.8419291527 0.8329168191 0.2564409922 0.6134607368
0.5822491645 0.5407393371 0.8699410324 0.2647790265 0.3180740755 0.1192145411 0.9398294703 0.6455518750 0.4794632249 0.6393169610 0.5447161105 0.6473114803 0.5438859340 0.7210466206 0.5224953058 0.9937046241 0.2186766324 0.1057982733 0.1096974645 0.0635913710 0.4045799959 0.4483729121 0.3658161768 0.7635046408 0.6278963796
0.7719803856 0.9328535703 0.9727408540 0.1920283494 0.1388742028 0.6962663371 0.0938200268 0.5254044039 0.5303442184 0.8611398114 0.4848533336 0.3934563612 0.6714311397 0.7412579435 0.5200524674 0.3477126713 0.1499972538 0.5860920672 0.2621453177 0.0444540923 0.7549332672 0.2427853578 0.4424023130 0.6877960851 0.3592282104
0.7363400743 0.3947074753 0.6834158670 0.7040474303 0.4423054134 0.0195776236 0.3308578802 0.4243094968 0.2702704234 0.1970537981 0.8217211850 0.4299214094 0.8877709543 0.3911829955 0.7691143874 0.3967915170 0.8085140959 0.7550770990 0.3773955448 0.2160189160 0.7904072180 0.9493039118 0.3275654341 0.6712643705 0.4386449826
0.8335005956 0.7688542524 0.1672535455 0.8619804787 0.9898721536 0.5144234565 0.8842810231 0.5880260553 0.1547523487 0.1998628229 0.4069548371 0.7487057182 0.8255838158 0.7899630299 0.3185242454 0.5340641274 0.0899506788 0.1117057442 0.1362925489 0.6786523048 0.4951770191 0.1897104060 0.4950058250 0.1476082220 0.0549741469
0.8507126743 0.5605595274 0.9296088668 0.6966672006 0.5827909652 0.8153972115 0.8790139046 0.9889116161 0.0005223754 0.8654385910 0.6125664695 0.9899502057 0.5276800693 0.4795233852 0.8013476055 0.2278429357 0.4980942912 0.9008524885 0.5746612191 0.8451781851 0.7386402920 0.5859870358 0.2467345260 0.6664162173 0.0834828136

[Vector]
AX 25
7.7341934041 7.1102508118 6.6969667898 6.8833634478 6.6099473265 7.1326085330 7.7451953105 7.2819720361 6.1440828695 6.2735856893 6.1626972870 7.4703706640 7.7698821532 8.4801856794 5.7925772135 6.5562216188 5.6003759579 8.4114719873 4.5395967618 7.3257922710 6.3163840200 7.0475383541 5.6873223183 5.9097920872 5.7633760255

