[Matrix]
A 38 17
0.8147236864 0.9502220488 0.1965952504 0.1523780190 0.9027161099 0.9293859710 0.2580646959 0.3353568400 0.5216498425 0.0526769977 0.2518061225 0.1056292033 0.3224718072 0.6620095984 0.5254044039 0.7904072180 0.0005223754
0.9057919371 0.0344460805 0.2510838580 0.8258169775 0.9447871897 0.7757126786 0.4087198461 0.6797279514 0.0967300258 0.7378580955 0.2904406643 0.6109586587 0.7847392948 0.4161585900 0.5303442184 0.9493039118 0.8654385910
0.1269868163 0.4387443597 0.6160446761 0.5383424353 0.4908640925 0.4867916324 0.5948960740 0.1365531374 0.8181485539 0.2691194264 0.6170908844 0.7788022418 0.4713571537 0.8419291527 0.8611398114 0.3275654341 0.6125664695
0.9133758561 0.3815584571 0.4732888489 0.9961347166 0.4892526384 0.4358585886 0.2622117478 0.7212274986 0.8175470921 0.4228356150 0.2652809098 0.4234529190 0.0357627333 0.8329168191 0.4848533336 0.6712643705 0.9899502057
0.6323592462 0.7655167881 0.3516595071 0.0781755288 0.3377194098 0.4467837494 0.6028430894 0.1067618616 0.7224395924 0.5478709012 0.8243762667 0.0908232858 0.1758744157 0.2564409922 0.3934563612 0.4386449826 0.5276800693
0.0975404050 0.7951999011 0.8308286279 0.4426782698 0.9000538464 0.3063494720 0.7112157804 0.6537573487 0.1498654425 0.9427369843 0.9826633997 0.2664714908 0.7217580334 0.6134607368 0.6714311397 0.8335005956 0.4795233852
0.2784982189 0.1868726046 0.5852640912 0.1066527702 0.3692467811 0.5085086554 0.2217467340 0.4941739366 0.6596052529 0.4177441043 0.7302487923 0.1536567176 0.4734859930 0.5822491645 0.7412579435 0.7688542524 0.8013476055
0.5468815192 0.4897643958 0.5497236083 0.9618980809 0.1112027553 0.5107715642 0.1174176509 0.7790517232 0.5185949425 0.9830524665 0.3438770041 0.2810053025 0.1527212004 0.5407393371 0.5200524674 0.1672535455 0.2278429357
0.9575068354 0.4455862007 0.9171936638 0.0046342241 0.7802520683 0.8176277083 0.2966758732 0.7150370784 0.9729745548 0.3014549487 0.5840693333 0.4400851390 0.3411246070 0.8699410324 0.3477126713 0.8619804787 0.4980942912
0.9648885352 0.6463130101 0.2858390188 0.7749104647 0.3897388370 0.7948314169 0.3187783019 0.9037205606 0.6489914927 0.7010987559 0.1077690152 0.5271427418 0.6073892138 0.2647790265 0.1499972538 0.9898721536 0.9008524885
0.1576130817 0.7093648309 0.7572002291 0.8173032207 0.2416912859 0.6443181302 0.4241667597 0.8909225043 0.8003305754 0.6663388516 0.9063081506 0.4574243657 0.1917452555 0.3180740755 0.5860920672 0.5144234565 0.5746612191
0.9705927818 0.7546866820 0.7537290943 0.8686947054 0.4039121456 0.3786093827 0.5078582847 0.3341630527 0.4537977087 0.5391264650 0.8796537245 0.8753715986 0.7384268400 0.1192145411 0.2621453177 0.8842810231 0.8451781851
0.9571669482 0.2760250770 0.3804458470 0.0844358455 0.0964545252 0.8115804583 0.0855157971 0.6987458323 0.4323915038 0.6981055202 0.8177605594 0.5180521084 0.2428495983 0.9398294703 0.0444540923 0.5880260553 0.7386402920
0.4853756487 0.6797026769 0.5678216407 0.3997826491 0.1319732926 0.5328255888 0.2624822347 0.1978098267 0.8253137954 0.6665279134 0.2607279991 0.9436226245 0.9174243420 0.6455518750 0.7549332672 0.1547523487 0.5859870358
0.8002804689 0.6550980040 0.0758542896 0.2598704029 0.9420505908 0.3507271036 0.8010146228 0.0305409463 0.0834698149 0.1781324544 0.5943562507 0.6377090981 0.2690615867 0.4794632249 0.2427853578 0.1998628229 0.2467345260
0.1418863386 0.1626117352 0.0539501187 0.8000684802 0.9561345402 0.9390015620 0.0292202776 0.7440742604 0.1331710076 0.1280143997 0.0225125927 0.9576939398 0.7655000166 0.6393169610 0.4424023130 0.4069548371 0.6664162173
0.4217612826 0.1189976816 0.5307975530 0.4314138275 0.5752085951 0.8759428115 0.9288541395 0.5000224356 0.1733886131 0.9990803948 0.4252593202 0.2407070355 0.1886619768 0.5447161105 0.6877960851 0.7487057182 0.0834828136
0.9157355252 0.4983640520 0.7791672301 0.9106475944 0.0597795429 0.5501563429 0.7303308629 0.4799221411 0.3909378023 0.1711210664 0.3127188868 0.6761223039 0.2874981731 0.6473114803 0.3592282104 0.8255838158 0.6259597852
0.7922073296 0.9597439585 0.9340106842 0.1818470283 0.2347799134 0.6224750860 0.4886089738 0.9047222381 0.8313797428 0.0326008205 0.1614847443 0.2890645717 0.0911134637 0.5438859340 0.7363400743 0.7899630299 0.6609445579
0.9594924264 0.3403857267 0.1299062085 0.2638029165 0.3531585712 0.5870447045 0.5785250610 0.6098666484 0.8033643916 0.5611997927 0.1787661868 0.6718081654 0.5762093807 0.7210466206 0.3947074753 0.3185242454 0.7297518553
0.6557406992 0.5852677510 0.5688236609 0.1455389804 0.8211940402 0.2077422927 0.2372835798 0.6176663896 0.0604711792 0.8818665005 0.4228856891 0.6951404996 0.6833632433 0.5224953058 0.6834158670 0.5340641274 0.8907521163
0.0357116786 0.2238119395 0.4693906411 0.1360685587 0.0154034377 0.3012463303 0.4588488282 0.8594423056 0.3992577706 0.6691753045 0.0942293389 0.0679927685 0.5465931146 0.9937046241 0.7040474303 0.0899506788 0.9823032229
0.8491293059 0.7512670593 0.0119020695 0.8692922076 0.0430238017 0.4709233485 0.9630885393 0.8054894245 0.5268758305 0.1904332672 0.5985236688 0.2547901566 0.4257288419 0.2186766324 0.4423054134 0.1117057442 0.7690290853
0.9339932478 0.2550951155 0.3371226444 0.5797045874 0.1689900295 0.2304881602 0.5468057187 0.5767215156 0.4167994679 0.3689165461 0.4709242564 0.2240400308 0.6444427814 0.1057982733 0.0195776236 0.1362925489 0.5814464879
0.6787351549 0.5059570517 0.1621823082 0.5498602018 0.6491154750 0.8443087927 0.5211358308 0.1829224694 0.6568598910 0.4607259373 0.6959493133 0.6678327270 0.6476176302 0.1096974645 0.3308578802 0.6786523048 0.9283130623
0.7577401306 0.6990767227 0.7942845407 0.1449547982 0.7317223857 0.1947642896 0.2315943867 0.2399320106 0.6279733592 0.9816379510 0.6998878499 0.8443921565 0.6790167541 0.0635913710 0.4243094968 0.4951770191 0.5800903658
0.7431324681 0.8909032525 0.3112150420 0.8530311177 0.6477459631 0.2259217810 0.4888977439 0.8865119331 0.2919840800 0.1564049522 0.6385307583 0.3444624113 0.6357867105 0.4045799959 0.2702704234 0.1897104060 0.0169829383
0.3922270195 0.9592914252 0.5285331355 0.6220551315 0.4509237064 0.1707080471 0.6240600882 0.0286741525 0.4316511702 0.8555228058 0.0336038361 0.7805196527 0.9451741131 0.4483729121 0.1970537981 0.4950058250 0.1208595711
0.6554778902 0.5472155300 0.1656487295 0.3509523809 0.5470088923 0.2276642978 0.6791355409 0.4899013885 0.0154871256 0.6447645369 0.0688060991 0.6753320657 0.2089349224 0.3658161768 0.8217211850 0.1476082220 0.8627107187
0.1711866878 0.1386244428 0.6019819414 0.5132495399 0.2963208056 0.4356986841 0.3955152157 0.1679271457 0.9840637244 0.3762722103 0.3195997352 0.0067153143 0.7092817027 0.7635046408 0.4299214094 0.0549741469 0.4842965112
0.7060460880 0.1492940056 0.2629712845 0.4018080338 0.7446928071 0.3111022867 0.3674366485 0.9786806496 0.1671684099 0.1909236952 0.5308642807 0.6021704876 0.2362305770 0.6278963796 0.8877709543 0.8507126743 0.8448556746
0.0318328464 0.2575082541 0.6540790985 0.0759666917 0.1889550150 0.9233796421 0.9879820032 0.7126944717 0.1062163449 0.4282529930 0.6544457078 0.3867711945 0.1193962478 0.7719803856 0.3911829955 0.5605595274 0.2094050840
0.2769229850 0.8407172560 0.6892145031 0.2399161536 0.6867754334 0.4302073913 0.0377388662 0.5004716242 0.3724097401 0.4820220610 0.4076191970 0.9159912441 0.6073039407 0.9328535703 0.7691143874 0.9296088668 0.5522913415
0.0461713906 0.2542821790 0.7481515928 0.1233189348 0.1835111557 0.1848163201 0.8851680082 0.4710883745 0.1981184025 0.1206116133 0.8199812228 0.0011510571 0.4501376970 0.9727408540 0.3967915170 0.6966672006 0.6298833851
0.0971317812 0.8142848261 0.4505415985 0.1839077883 0.3684845965 0.9048809687 0.9132868276 0.0596188676 0.4896876380 0.5895074847 0.7183589432 0.4624491592 0.4587254936 0.1920283494 0.8085140959 0.5827909652 0.0319910158
0.8234578283 0.2435249687 0.0838213780 0.2399525257 0.6256185607 0.9797483784 0.7961838736 0.6819719041 0.3394934134 0.2261876798 0.9686493302 0.4243490398 0.6619447519 0.1388742028 0.7550770990 0.8153972115 0.6147134191
0.6948286230 0.9292636232 0.2289769687 0.4172670691 0.7802274352 0.4388699731 0.0987122787 0.0424311375 0.9516304648 0.3846191244 0.5313339066 0.4609163660 0.7702855148 0.6962663371 0.3773955448 0.8790139046 0.3624114623
0.3170994801 0.3499837660 0.9133373615 0.0496544303 0.0811257689 0.1111192234 0.2618711839 0.0714454646 0.9203320398 0.5829863827 0.3251456818 0.7701597286 0.3502180134 0.0938200268 0.2160189160 0.9889116161 0.0495325790

[Matrix]
B 17 59
0.4895699892 0.8739274059 0.7378416538 0.6481984065 0.2878493448 0.1040115748 0.0933705168 0.5337719518 0.3965207926 0.9430081396 0.3664366163 0.1006063224 0.1097550507 0.6964329890 0.3174797751 0.1704320231 0.5306293039 0.9569359241 0.8943893754 0.2553867405 0.6420608284 0.2241714990 0.2237704047 0.6172792323 0.6838386137 0.6766446784 0.7195701349 0.7709542207 0.0990952824 0.0546166152 0.6464774324 0.3277549605 0.7150450133 0.9729583341 0.3316652387 0.0461915563 0.2690915435 0.2866203889 0.3725342399 0.8641475290 0.6732259865 0.7137955832 0.5153672192 0.8593204114 0.8862350391 0.3468951903 0.7842325982 0.6711662330 0.0045796239 0.4406346808 0.8333635635 0.3938834270 0.0683572205 0.8909288210 0.1877129486 0.0011983968 0.1478494680 0.4503238127 0.9328978958
0.1925103961 0.2702943323 0.0634045007 0.0252281815 0.4145225389 0.7455460737 0.3073668996 0.1091542120 0.0615906671 0.6837155724 0.3691988043 0.2940663338 0.9337598484 0.1253321811 0.3164289991 0.2577922506 0.8324233863 0.9357308728 0.5165582084 0.0205357747 0.4190482936 0.6524510730 0.3735638076 0.5754948597 0.7837364801 0.9883022623 0.9961561113 0.0426598559 0.4897638019 0.5012829132 0.8331519857 0.8378031831 0.8561822920 0.1892068431 0.1522340129 0.1954767636 0.7490184676 0.8008202870 0.5931845752 0.3888837759 0.6642799044 0.8844050453 0.6575305421 0.9742216312 0.9311116275 0.5169904205 0.7055718581 0.5995855481 0.7666819986 0.9419189303 0.4036286628 0.0033941230 0.4363270775 0.8563769077 0.3219271832 0.3164195137 0.1981697011 0.5824703017 0.3906675366
0.1230837475 0.2084613588 0.8604405630 0.8422066124 0.4648399416 0.7362674556 0.4560576668 0.8258088579 0.7801755315 0.1320829557 0.6850284727 0.2373730197 0.1874608064 0.1301514504 0.2175633094 0.3967993186 0.5974901919 0.4578863339 0.7027023070 0.9236756126 0.3907620822 0.6049906419 0.0875003496 0.5300517048 0.5341375679 0.7668313872 0.3545343050 0.3781861371 0.1932453305 0.4317211719 0.3982822282 0.7390722273 0.2815076951 0.6671203000 0.3480076597 0.7201658025 0.5038877735 0.8961113514 0.8725525646 0.4547418280 0.1228149939 0.7208556708 0.9509151983 0.5708384275 0.1907846480 0.5566946320 0.1093342395 0.0559761574 0.8487092265 0.6559138203 0.3901759381 0.2206768919 0.1738530374 0.4024335498 0.4038567112 0.6996169864 0.6722702375 0.6866378145 0.2732167080
0.2054941709 0.5649795707 0.9344051190 0.5590325450 0.7639570785 0.5618614253 0.1016693936 0.3380977188 0.3375838641 0.7227245397 0.5979416354 0.5308722570 0.2661788389 0.0923523387 0.2510418460 0.0739947696 0.3353113307 0.2404783968 0.1535903766 0.6536998890 0.8161401029 0.3872454315 0.6401165482 0.2750697558 0.8853594509 0.3366992644 0.9712588152 0.7043396245 0.8958915738 0.9975603495 0.7498222094 0.9541744564 0.7310508297 0.5864396147 0.1216584543 0.7217532735 0.6468096663 0.5975265768 0.9335016085 0.2466871976 0.4073184231 0.0186127747 0.7223485143 0.9968502146 0.2585822514 0.1564952191 0.3899306572 0.0563430185 0.9168212703 0.4519457093 0.3604488934 0.0013005687 0.0261071082 0.3180191175 0.5485662999 0.6252551802 0.4315111829 0.7194327526 0.1519470798
0.1465149106 0.6403118252 0.9843983122 0.8540999493 0.8182040389 0.1841940975 0.9953897277 0.2939730530 0.6078659073 0.1103534806 0.7893639436 0.0914987313 0.7978302602 0.0078202936 0.8929224053 0.6840960670 0.2992250233 0.7638979443 0.9534570699 0.9326135720 0.3174278637 0.1421871593 0.1806168878 0.2486289597 0.8990048989 0.6623818604 0.3464487613 0.7295130455 0.0990896497 0.8116025810 0.8352205105 0.0319226295 0.1377628925 0.6751124164 0.8841530577 0.8777990712 0.3077455820 0.8840167357 0.6684642744 0.7844230930 0.2752869513 0.6747764671 0.4000797454 0.5535415735 0.8978656848 0.5620560456 0.5909047304 0.1525006370 0.9869682748 0.8396974207 0.1402553593 0.1891796710 0.9546782741 0.6086354306 0.0487385928 0.5430621753 0.6944039097 0.6500407519 0.3971088427
0.1890721745 0.4170289516 0.8589388167 0.3478791943 0.1002215402 0.5972113503 0.3320928335 0.7463134277 0.7412540495 0.1174928522 0.3676529184 0.4053154199 0.4876037754 0.4231093852 0.7032232246 0.4023883327 0.4525925416 0.7593273831 0.5408840812 0.1635123685 0.8145397729 0.0251349857 0.0450511075 0.4516387705 0.6259376261 0.2441652868 0.8865438618 0.2242770707 0.0441655718 0.4856516699 0.3224603974 0.3568689862 0.8367227817 0.3610220492 0.0942783901 0.5824329645 0.1387246361 0.9437315412 0.2067764579 0.8828376056 0.7166697406 0.4385088242 0.8318713393 0.5154584548 0.5933618604 0.6948032891 0.4593800480 0.0196210668 0.5051331018 0.5326235025 0.2601301941 0.1424840548 0.4305965199 0.9101952267 0.5527321332 0.4390372034 0.2567845633 0.7269145509 0.3747224670
0.0426524109 0.2059755155 0.7855589893 0.4460266481 0.1781169539 0.2999369901 0.2973468159 0.0103366183 0.1048132420 0.6407179230 0.2060278595 0.1048462471 0.7689582641 0.6555731749 0.5557379427 0.9828352014 0.4226456532 0.7406480650 0.6797338982 0.9210972559 0.7890735149 0.4211122538 0.7231734792 0.2277128260 0.1378689924 0.2955072508 0.4546948650 0.2690547318 0.5572951558 0.8944477556 0.5522616169 0.6626538343 0.1386017157 0.6202784271 0.9300406261 0.0706843354 0.4755729338 0.5491580874 0.6538505921 0.9137116813 0.2833843816 0.4378201792 0.1343383417 0.3306820660 0.5038400818 0.4264555357 0.0503399867 0.4351755457 0.2714216244 0.5538870658 0.0868151009 0.2680759991 0.9615585731 0.9090981878 0.2748114048 0.2874272675 0.0097586499 0.3738476658 0.1311147070
0.6351979169 0.9479331213 0.5133774186 0.0542394844 0.3596349135 0.1341229328 0.0620452213 0.0484473393 0.1278883798 0.3288142148 0.0866665474 0.1122839622 0.3960067452 0.7229225247 0.1844336678 0.4021839852 0.3596063180 0.7436883415 0.0365630180 0.7946578854 0.8522638903 0.1841002894 0.3474376456 0.8044495836 0.2178015937 0.6801783712 0.4134272890 0.6730311650 0.7724950672 0.1375465948 0.9791291324 0.2815015591 0.5882093854 0.8111508851 0.3990199690 0.9227445702 0.3624592808 0.7283868246 0.0720515512 0.5582849236 0.8961988568 0.1170368195 0.0604667719 0.4300017984 0.6128095888 0.8362704207 0.2286875840 0.8322214753 0.1007505119 0.6800655301 0.4293973371 0.1748920653 0.7624144840 0.5915944089 0.2415017417 0.5016591067 0.5322830711 0.5815820832 0.4350407179
0.2818668559 0.0820712071 0.1776024605 0.1771075338 0.0567046891 0.2126015334 0.2982439719 0.6679161216 0.5495401070 0.6538120226 0.7719339171 0.7844278907 0.2729387941 0.5312092936 0.2120308425 0.6206719472 0.5583191999 0.1059204167 0.8092038513 0.5773941967 0.5056366176 0.7257752675 0.6606168245 0.9861042419 0.1821410759 0.5278468304 0.2177320684 0.4774921977 0.3119400575 0.3900049144 0.5493085330 0.2303830673 0.3661568005 0.0192574774 0.0474014620 0.8003720924 0.7881134284 0.5767582979 0.4067269151 0.5988681027 0.8265788923 0.8146816895 0.0842470523 0.4918062536 0.8194222422 0.7313870662 0.8341890611 0.6173901715 0.5078488308 0.3671899053 0.2572827848 0.1386489716 0.0073486611 0.3325714073 0.2431451794 0.7615461857 0.2793919653 0.1161185128 0.0915131672
0.5385966780 0.1057094266 0.3985894967 0.6628080620 0.5218856737 0.8949416754 0.0463512649 0.6034679838 0.4852294086 0.7491314631 0.2056745215 0.2915703179 0.0372346341 0.1088179383 0.0773468081 0.1543698055 0.7425453657 0.6815604305 0.7486188718 0.4400355958 0.6356613889 0.3703626865 0.3838686011 0.0299919503 0.0418198640 0.4115935134 0.1256545874 0.6237164127 0.1789824793 0.9273562250 0.3304236096 0.7111285512 0.8067595447 0.0838735083 0.3423735032 0.2859468564 0.7802958208 0.0258574711 0.6669315332 0.1488767203 0.3900265128 0.3248554386 0.1638983183 0.0710370839 0.5318891695 0.3600310421 0.0156446927 0.5201294153 0.5856091257 0.2392906062 0.2975553842 0.5988856104 0.6800386405 0.8530636292 0.1541594492 0.7624080488 0.9462301535 0.0576543612 0.6146269580
0.6951630394 0.1420411219 0.1339312510 0.3308289952 0.3358489747 0.0714528128 0.5054281425 0.5261024658 0.8904756792 0.5831857315 0.3882716310 0.6035334388 0.6732949141 0.6317663735 0.9138004108 0.3813452044 0.4243347836 0.4632605786 0.1201870180 0.2576137367 0.9508944154 0.8415600875 0.6273465024 0.5356641907 0.1069416586 0.6026382180 0.3089145936 0.2364449326 0.3389556782 0.9174938324 0.6194715552 0.6245729170 0.5037807858 0.9748016672 0.7359661589 0.5436632328 0.6685122143 0.4465309783 0.9337256595 0.8997134845 0.4979029430 0.2462281142 0.3242199203 0.8877392155 0.2020750965 0.4542123719 0.8637108651 0.8638682229 0.7628870959 0.5789234925 0.4248584117 0.9010579057 0.7059507542 0.4423978930 0.9564163610 0.5760559015 0.9064432665 0.9797652240 0.0109790923
0.4991160135 0.1664604409 0.0308895487 0.8984861378 0.1756690297 0.2424865589 0.7614258867 0.7297094482 0.7989602788 0.7400323280 0.5517785320 0.9644226672 0.4295644593 0.1264998653 0.7067152177 0.1611339718 0.4293557886 0.2121632053 0.5250451648 0.7519463939 0.4439641550 0.7342296912 0.0216498146 0.0870772199 0.6164434851 0.7505200559 0.7261044317 0.1771237545 0.2101456370 0.7135740116 0.3606365710 0.5906086529 0.4895943387 0.6513495324 0.7946821573 0.9847762370 0.1335038597 0.6463019574 0.8109500322 0.4503935807 0.6948051927 0.3427132211 0.3017267772 0.0646335911 0.4538934657 0.3863898986 0.0780690530 0.0976979182 0.0829626491 0.8668870547 0.1192072594 0.9393797659 0.6451287866 0.9043554782 0.9356613755 0.7476628376 0.3926845760 0.2848237269 0.5732603833
0.5358010558 0.6209586439 0.9391417061 0.1181551984 0.2089466740 0.0537543922 0.6310699992 0.7072534853 0.7343410837 0.2348269147 0.2289532520 0.4324849940 0.4517392349 0.1343033043 0.5577889668 0.7581124313 0.1248727587 0.0985187377 0.3258336288 0.2286694821 0.0600188198 0.5710258728 0.9105699885 0.8020914406 0.9396610102 0.5835331743 0.7828720730 0.8296433857 0.5101525198 0.6183373836 0.7565095435 0.6604379663 0.8770487234 0.2312378162 0.5449058982 0.7156780671 0.0215558872 0.5212029527 0.4845482718 0.2056723395 0.8343690011 0.3756921400 0.0116809911 0.4361849557 0.4279109198 0.7755546423 0.6690425901 0.9080522032 0.6615961931 0.4067767602 0.4950669238 0.2211844559 0.5523098445 0.0331794060 0.8187144372 0.6455345060 0.0248552338 0.5949742988 0.7897298580
0.4451831653 0.5737097648 0.3013060646 0.9884179288 0.9051535590 0.4417220571 0.0898916508 0.7813770518 0.0513318861 0.7349575417 0.6419406204 0.6947521946 0.6098571693 0.0985940927 0.3134289899 0.8711111219 0.0244340161 0.8235744739 0.5464494399 0.0641870874 0.8667498970 0.1768550576 0.8005586563 0.9891449097 0.3544557310 0.5517925149 0.6937876150 0.7669216679 0.9063643233 0.3432878902 0.4139007487 0.0475546731 0.3531418129 0.4034911431 0.6862234630 0.8389695973 0.5598407059 0.3723126608 0.7567492101 0.8996509905 0.6096296897 0.5465537931 0.5399050938 0.8266295066 0.9660527496 0.7342711057 0.5002113243 0.1080166941 0.5169790147 0.1126151410 0.7064072275 0.4826713754 0.2181087298 0.5324264825 0.7282618478 0.1232195183 0.6714367966 0.9621610310 0.2353667732
0.1239322776 0.0520778903 0.2955338345 0.5399820990 0.6753911773 0.0132832005 0.0808624231 0.2879769756 0.0728852991 0.9705985251 0.4844803724 0.7580992753 0.0594032969 0.1420272484 0.1662035629 0.3507767449 0.2901852651 0.1750097374 0.3988807524 0.7673295108 0.6311887343 0.9573840226 0.7458474843 0.0669462584 0.4106290901 0.5835706188 0.0098022523 0.9344782731 0.6289239387 0.9360273267 0.4923451044 0.3487848085 0.4494435566 0.1220205183 0.8936326959 0.4332605610 0.3008190181 0.9371346663 0.4170474537 0.7625855394 0.5747371609 0.5619201543 0.0953726926 0.3945346842 0.6200550541 0.4302778451 0.2179937988 0.5169967581 0.1710480175 0.4438458367 0.2435733727 0.3760111159 0.7723662136 0.7164973465 0.1758117283 0.5043978601 0.8371706354 0.1857782634 0.4480197135
0.4903572935 0.9312013846 0.3329362818 0.7069174193 0.4684681999 0.8971913510 0.7772405365 0.6925319864 0.0885274597 0.8669302918 0.1518455251 0.4326423261 0.3158114383 0.1682512985 0.6224972593 0.6855357087 0.3175205829 0.1635699098 0.4150933866 0.6712021854 0.3550736519 0.2653220362 0.8131128136 0.9393983619 0.9843494170 0.5118199200 0.8432133380 0.1078889051 0.1015338888 0.1247740407 0.6947432331 0.4513405804 0.9635302868 0.2684388214 0.0547917899 0.4706247156 0.9394097139 0.8295328245 0.9717859930 0.8824863074 0.3260421709 0.3958222286 0.1465148564 0.6134748817 0.6953899519 0.6937525741 0.5716157254 0.1431560221 0.9385578643 0.3001844012 0.7850700819 0.5237800370 0.2280283236 0.1793018438 0.3603709770 0.3472613127 0.9714996383 0.1930398160 0.5693581833
0.8529981553 0.7286616817 0.4670681870 0.9994916201 0.9121324742 0.1966581914 0.9051347442 0.5566698350 0.7983508641 0.0862345299 0.7819319666 0.6554980398 0.7727221309 0.1962489223 0.9879347350 0.2941486338 0.6536901340 0.6659872164 0.1807377603 0.7152125148 0.9970032716 0.9245808952 0.3833063186 0.0181775336 0.9455791890 0.0825927270 0.9223319978 0.1822275056 0.3908547527 0.7305853615 0.9727338851 0.2409049971 0.0422977979 0.2578461701 0.3036613797 0.5607134110 0.9809036360 0.8490854800 0.9879747012 0.2849502180 0.4564246009 0.3981308795 0.6311412070 0.8186407351 0.7201646120 0.9452134872 0.1221891509 0.5593705724 0.5904831771 0.4013868538 0.0740895769 0.2648725935 0.3708647190 0.3365329258 0.1887899726 0.0921476848 0.0569328854 0.3416441046 0.0614014423

[Vector]
Xa 17
0.4962888856 0.6423152346 0.2212657301 0.8370564455 0.9710752314 0.8463728877 0.5059994559 0.2788756111 0.7466172218 0.2369303841 0.9573452816 0.6202600361 0.6002621455 0.1726045016 0.0903467381 0.2552622026 0.8585705313

[Vector]
Xb 59
0.9110670534 0.6996337672 0.7251823550 0.2298860789 0.5760534563 0.8106281050 0.4038433684 0.9884392672 0.0899988150 0.3209410326 0.5114089388 0.0606063666 0.7256879235 0.5565557486 0.5293599025 0.8299824320 0.8587590341 0.7890289233 0.3178330537 0.4522074538 0.7522279700 0.1098617058 0.1097423686 0.2698836637 0.5246373454 0.9726510770 0.7104086853 0.3118599451 0.2914571276 0.8503573374 0.9116474240 0.6392761473 0.2553702979 0.0886658400 0.8382555875 0.5847186193 0.9481087354 0.0610289292 0.5846413034 0.2851080857 0.8277321734 0.1909864407 0.4425299622 0.3934115064 0.8265739790 0.6768710934 0.2076030344 0.3181047262 0.1338109854 0.6714628895 0.5709910755 0.1697670660 0.1476557772 0.4760797183 0.9081024165 0.5521750267 0.0329398927 0.0538629264 0.8050632286

[Matrix]
A*B 38 59
2.4931231586 3.8781182007 4.1063529015 3.8713917881 3.3869302596 3.0948731814 3.0640532161 3.7644557855 2.8942963992 4.4015431912 3.4549925173 3.0313704103 3.7486365658 2.3096349452 3.6919112081 3.8455379102 3.2550608318 4.6600674064 4.4840129001 3.5257913979 4.4450291678 3.0046903746 3.5435391714 4.5198388939 4.7648899065 4.6143974193 4.8017367711 3.7242321775 2.7091300878 3.7948195178 4.8597814084 3.1415914825 4.6243176250 3.5168844503 3.2164242336 4.1959410853 3.6929196484 5.3687598188 4.3825102394 5.5067960619 4.4372165119 4.3669621678 3.2244585824 4.9694148468 5.5888427648 4.5175694925 4.2153505339 3.0101523085 4.3872946207 4.1937655317 3.3741978267 2.2312901142 3.4685667258 4.8024002365 2.9294905530 3.1658665893 3.6787965192 4.1384783004 3.3339710054
4.1916595528 5.4739553874 6.0330095924 6.0348180866 4.9190310425 3.7245636152 4.4271183508 5.1482282447 4.6842269489 5.3285072808 4.3854463244 4.1833913781 4.2341658009 2.7827850018 5.1790336907 4.3895024989 4.1038765909 5.3533666373 4.9857094229 5.7123919326 6.2095027447 4.2662886690 4.5929466274 4.4746951894 6.3626003085 5.0585844295 6.2131587042 5.2162874687 3.7105318677 5.9011917060 6.4895765336 4.5176730859 5.6882544243 4.8992689888 4.5117455804 5.8832097254 4.8471638996 6.4751662652 6.4480240234 6.0217531387 5.3955470673 4.2495541766 3.8213692811 5.7124437347 6.1850951778 5.7371368633 4.0627412756 3.9978398349 5.4850371556 5.0082932395 3.8877545000 3.5223268771 4.8622905632 5.6866212671 4.0177986636 4.5111864465 4.8297728822 4.8777457484 4.4324144427
3.2196315525 3.3162635803 4.2986657301 5.1983643550 4.2068084013 3.1449954876 3.7312263030 4.7356654131 4.2008537921 5.0024224922 4.6038126767 4.7223885958 4.1606019207 2.3680599296 4.3723295870 4.2980386003 3.7355463485 4.3036338002 4.5468938639 4.9722204613 5.6295171506 4.9339637418 4.4734910326 4.1932928263 4.7971010978 4.8452934424 4.9691290620 4.2788071178 3.8300102739 5.7810404872 5.2797993162 4.1725745702 4.3192791697 3.8669485565 4.4885282182 5.5549299779 4.5928571659 5.9966686133 6.0434273111 5.5386059759 4.8643021884 4.4213772916 3.5430164268 5.1663169888 5.4004631014 5.1171227243 3.7280787108 3.4780216139 4.9309829788 4.6205807033 3.0090678891 3.2642224221 4.2136813936 5.0961962799 4.1420914718 4.4049289522 4.2959771806 4.5577508623 2.9285662957
3.8845463419 4.8872346831 4.9444377398 5.7292875477 4.8889608229 3.6605018437 3.5484989350 4.8450589143 4.0145064665 5.4928175998 4.7668717224 4.4092805137 4.0297764368 2.8835206708 4.2910502054 3.9896146606 4.2235087474 5.2535706128 4.7565007958 5.3087668438 6.4540271052 4.4589321510 4.4384346562 4.7981020638 5.5450408609 4.9639946895 5.8561988604 4.7778688788 4.0750784945 5.2070831755 6.1896412949 4.1458723794 4.9474320203 4.5206826184 3.7292290567 5.6858794638 5.4342117503 6.1549589853 6.2358826001 5.7922917706 5.2539196581 4.4843986465 4.0998365702 6.1247030688 6.2255364865 5.5099008440 4.0948593480 3.7400830992 5.1106369302 4.6456296373 3.7972196849 3.0273371771 3.6440904488 5.3857808165 3.6066633990 4.0790085528 4.5065935613 4.7079154170 3.4524205437
2.7832673991 2.8241787325 3.3464553452 3.6572492807 3.0305305067 2.8136131989 2.8441639146 3.5307774455 3.3125495148 4.2019668462 3.2815686241 3.1006404167 3.4812182020 2.5112281762 3.5608822923 3.3093268616 3.6311540460 4.1960547894 3.9708073222 3.5505628055 4.6666110640 3.8314344618 3.4869970652 3.5687553243 3.6261920988 3.9776126135 3.9723257034 3.0402819142 2.4895308236 4.3093643861 4.4811258681 3.4981085745 3.8633572105 3.2589576735 3.1105429239 3.4726292294 4.2180982334 4.5105684561 4.6830831702 4.6943333262 3.8864282819 3.8952723855 2.8350213904 4.5072762207 4.6412030719 4.1019828928 3.5418031225 3.5197597298 4.0569996778 3.7646354484 2.7206077842 2.5737563253 3.3874097759 4.4437343344 2.7960711840 3.1994811385 3.3925935859 3.4985974678 2.5456044444
3.9563475829 4.4503197486 5.3991791620 5.5970791147 5.0757762524 4.2843765223 4.3618588674 4.9146528730 4.5124330400 5.4817908808 4.4134799394 4.1951659039 4.9259835474 2.7159803674 4.9994351877 4.9707350747 4.4953624594 5.5771408249 5.0369287095 5.7390690494 6.2360374008 5.0788009137 5.1865590091 4.8780108042 5.5483066405 5.8408940324 5.5543956239 4.9049173022 4.1834858322 6.5736941842 6.5465117607 5.2358128063 5.5872903953 4.8060748061 5.1137818708 5.8692454772 5.5820855138 6.6795278256 7.0244035600 6.1906509659 5.1497200384 4.7758185763 3.8275478848 5.9674655922 6.0352207320 5.8744254415 4.2393570485 4.5246826059 6.3979759743 5.4783592643 3.8468092332 3.7368732258 5.6098638122 5.7752337548 4.3367616405 5.0774400766 5.7384324225 5.4294920061 3.8216841141
3.4004534633 3.6329006189 3.9043759686 4.5052783153 3.8268421356 2.9070336799 3.4303798838 4.3735215642 3.7800325565 4.2278512265 3.7507361380 3.8544420394 3.4802315653 2.4135930801 3.9914835280 3.8757605058 3.4115733278 3.9757667466 3.8161965199 4.3816994522 5.1349890273 4.2181072364 4.1132763843 4.1981887107 4.3130622451 4.1935983251 4.2840922656 3.8312354990 3.0792311161 4.5730705163 5.0134466042 3.3963460920 4.1500250025 3.4381276041 3.5545722499 4.7952127466 4.4695287801 5.3987480476 5.2288074054 5.0996216394 4.3697301955 3.8565610293 2.9465512254 4.7343620138 4.9243424590 5.0328201907 3.5383139288 3.6165358902 4.5556363719 3.8083611247 3.1016468464 2.9512259910 3.7036877524 4.1612319330 3.3239863282 3.7195103463 4.2875481065 3.9545749133 2.8334115849
2.9583932025 3.3112611849 4.0075726752 4.0238164735 3.6601652456 3.3640282171 2.0249316750 3.8259391527 3.2260002383 4.6087352925 3.4289066110 3.3868326723 2.8019333768 2.3155763152 2.7262272513 2.8200656492 3.6144091460 4.2781325956 3.7744833495 3.9765422597 5.1956790363 3.5406807077 3.4927788154 3.6901692261 3.7829981144 4.2543519633 4.2750691446 4.1583130668 3.4773352158 4.6068383596 4.6442890944 4.0342466486 4.6087521657 3.5511056474 2.9657256323 4.4880131605 4.1427195055 4.5887737575 4.6879573936 4.2505669811 4.3739877641 3.4041644769 3.2664388675 4.5746443868 4.5692315213 4.0870805584 3.0704499485 3.2454460561 4.0903266948 3.8216967319 3.0458002330 2.4739134242 3.2276951242 4.7235833968 3.1011595108 3.9100756750 4.0615809357 3.8933186148 2.9943673870
3.9271353833 4.8931270918 5.1884236625 5.6847955177 4.3582096586 3.8302339699 4.2027425324 5.5515775564 4.6742878373 5.3149189911 4.7941060924 4.3047337527 4.4483001626 3.3040172088 4.8378781782 4.9041804462 4.3825281225 5.6787873399 5.6330873891 5.3180328158 6.1518506824 4.4533538000 4.3973098373 5.8368183506 5.5226158420 5.7678935126 5.6982010333 4.7485229432 3.4369532476 4.8857305876 6.1656081747 4.0442270365 5.3045315190 4.9486478610 4.2543181831 6.0625528611 5.1589409558 6.6807781530 6.1592113592 6.7949403332 5.6223886329 5.3611454269 4.1384140462 6.0325572839 6.6485193937 6.1822027030 4.8304488373 4.1111876146 5.4551336421 5.1853514463 4.2146167515 3.5143975915 4.2832130655 5.7999939686 4.0723686055 4.4976997331 4.9925148852 5.2212549622 3.9691374751
4.2005273621 5.3641822784 5.3739677488 5.2198078774 4.3356518910 4.1091652462 3.9865517915 5.0030489005 4.3734302701 5.4085326051 4.2095212893 4.1251359946 4.2264988826 3.0915352274 4.6340957594 4.0894317539 4.6007248502 5.4291625147 4.8838439568 5.2225562873 6.1479513990 4.3282432785 4.4330990254 5.0577024793 6.1301918731 5.1936817838 6.5220509241 4.5660727787 3.6831547924 5.1517051414 6.5518310282 4.7266892790 5.9859050288 4.4703653374 3.4322899540 5.5879611293 5.3193191810 6.3642803808 6.0829137651 5.6447072433 5.7249671559 4.5090071006 3.9099305268 5.9003405974 6.3593608140 5.8602155893 4.2982748007 4.2738808752 5.3082001547 5.0410388338 3.9853232343 3.0546116552 4.0943279157 5.6472718434 3.7993442335 4.4078522457 4.2369762841 4.5549924891 4.2578185479
3.7183355115 3.8752807593 4.5904751976 4.7685357361 4.2409066655 3.9133036548 3.4900400746 4.6389981447 4.3955841933 5.2241048686 4.3379626456 4.4235550192 4.1970345764 3.0371253464 4.2780716262 3.9391201761 4.5275678925 4.9145666762 4.3478763774 5.3209644410 6.3627732510 4.9868382892 4.4465498245 4.6319306847 4.8007845522 5.2386643584 5.3088921161 4.2523597833 4.0224058177 5.8658020431 5.9913763241 4.9662166959 5.2609796104 4.4367400529 3.8934184811 5.7172704720 5.3954228983 6.3451703889 6.1722877200 5.5915741554 5.2614242994 4.2925517256 3.8780347379 5.7016536312 5.4402830282 5.4284609178 3.9654664517 4.1699660846 5.4451502211 5.1241770545 3.3811680494 3.2340280239 4.4208640279 5.4892732074 4.0893979113 4.9201904006 4.9339680321 4.8685136463 3.1078619769
4.3588828672 4.8827926530 5.4539474064 5.8216664122 4.5660134872 4.1137917082 4.6758570673 5.4431073541 5.2489687344 5.8993094605 4.7151553836 4.6666372553 4.6798982847 3.1157321971 5.3384367085 4.2373458355 4.9191588094 5.3427696375 5.1345972099 5.6591461855 6.3320653234 5.4665106743 4.7783813699 4.9126907888 6.4220966489 5.8310209249 6.6682513778 4.5329325755 3.7775505727 6.2145743902 6.7364443397 5.6568032415 5.9949628681 5.2826066906 4.3759425828 5.7712499463 5.6121007359 6.6740271321 7.3093350904 6.0089113323 5.5721843520 4.8576146351 4.3425520297 6.4532721086 6.0302383090 5.7176691433 4.6640305221 4.5875010023 5.9944929712 5.6734653176 4.0891249659 3.8844589533 4.5481782122 5.8508553128 4.7248195664 4.9360072668 4.7382259052 5.1983099511 4.2208500217
3.9983298091 4.2080747946 3.8936650639 4.8466543946 3.6932382819 3.2570780738 3.1266465009 4.8082097665 4.0704242874 4.6235017222 3.6444793441 3.8039485338 3.6308560628 2.9271617376 4.1206886155 3.5593685853 3.7418503805 5.0458425632 4.1243925666 3.7434135741 5.7749216695 3.6836214901 3.6090278273 4.5703581908 4.2791327297 4.4486252599 5.0916301085 3.7875635307 3.0100013571 4.1475495013 5.0204705203 3.5294898319 4.7546089784 4.2553415224 3.3688356407 4.8141656390 4.4698767658 4.8943746050 5.2433963623 5.3794213088 4.8942756626 3.8580043635 3.5041367267 5.0806967517 5.3454227407 5.0815256758 3.8008655782 3.7128137462 4.1525107987 3.9509582670 3.6595479706 3.4702625510 3.4816172146 5.0215423612 3.8360653544 3.4784435596 4.1502263787 4.4668869359 3.3628212056
3.4695203563 3.3831758601 4.2394310951 4.8306103405 3.8109706455 3.2656943251 3.4285054805 4.9693533561 4.3467133033 5.0933547364 4.2961010650 4.6512965571 3.7317073462 2.3057472675 3.9144232004 3.8228013728 4.0124854875 4.3359685883 4.6618787765 4.4329332053 5.2343682921 4.9314879733 4.2252661795 4.2307113458 4.9483871784 5.0348630257 5.2088075122 4.4428161277 3.6206741411 5.4345379332 5.2125332366 4.4488494728 4.9769205495 3.5167874890 4.0137133010 5.3288368582 4.2947397070 5.6103280204 5.6030438726 4.8665557320 5.3191295593 4.5178701110 3.4408588820 4.8734776843 5.4885896629 5.1184097043 3.7184953523 3.9137263949 4.5100989545 4.5758606038 3.2022585587 3.1947545715 3.9328830121 5.2428998787 4.1354591005 4.4958378406 3.8371336000 4.1740372172 3.6745388840
2.3856506165 3.0194483802 3.6494526213 3.9571251172 3.0775049067 2.2324164289 3.0616700989 3.0495226300 3.0506980023 3.9211616156 3.1767163915 2.7177643781 3.7192615644 2.0961114030 3.8158694267 3.2648456504 2.9379797444 4.2797425806 3.9621036498 3.5042062114 4.1785360634 3.0860417980 2.9498183410 2.9424019847 3.9466481715 3.9418154434 4.1508534663 3.1474046968 2.4611002460 4.2811843109 4.2636864876 3.1383769446 3.4000236330 3.8036971524 3.8339264366 3.5245067957 3.1071990143 4.2550148848 4.4810144693 4.6594600354 3.5657545606 3.5215435475 2.7726557150 4.1651634804 4.4953515668 3.5181137119 3.2172552836 2.7815327438 3.5897021021 3.9795832049 2.4698631833 2.5878991383 3.7349186335 4.6024451147 2.9452208333 2.8008463667 2.9006987776 3.7388570618 2.7388241418
3.1810620996 4.2631788269 4.6580305465 4.6768266412 3.9798521975 2.6730128450 3.7696611839 4.1247930249 3.8696846617 3.7036754040 3.8470447371 3.8568384287 3.8014263881 1.8099185694 4.3247697046 3.5393771882 2.8967544642 4.0281671423 3.6120370291 4.4403399957 4.8423824884 3.3532488576 3.4011326644 3.5978872411 5.3557518371 4.1210910121 5.2973127293 4.1395489609 3.3715390052 4.7904336712 5.1619466389 3.3163497216 4.3484315430 3.7092487466 3.7495169473 5.6691324471 3.3039941424 5.6508761452 4.8795844562 4.5982578356 4.7035337249 3.2515357288 3.2268463333 4.4401888961 4.9795451915 4.8025240602 3.1615909264 2.7227512702 4.3328412972 4.3300355113 2.6970119805 2.5709931614 3.9890793797 4.4547378784 3.7052902006 3.8296063276 3.5428853822 4.2956937838 3.2572513023
2.8604067041 3.5978800102 4.8098037810 4.7967018759 3.7909860115 3.7083013696 2.9099269498 4.1191636938 3.3951979872 4.8433658597 3.3731736159 3.2698561683 3.4035270676 2.5821172023 3.7449336794 4.0645004112 3.5768369955 4.7390922440 4.5748999404 4.8134504950 5.4359884432 3.4162530126 3.9819299517 3.7719472105 4.0854570703 4.3065538658 4.3442511750 4.1994735869 3.1475540292 5.1919547120 4.7559213407 4.0357159804 4.6967698291 3.9545921345 4.0619018285 4.4604091356 4.2044450089 5.2680138362 5.2322228627 5.5923948283 4.1803261521 3.7720806470 3.1389397005 4.3843991709 4.9908857919 4.5302452957 3.0775338023 3.0908963933 4.5454461817 4.1043553400 3.1569534215 3.0635136026 4.4770963842 5.3832619982 3.2424894091 4.0162325119 4.6806651174 4.0829102855 3.3358358248
3.4587855381 4.4856272852 4.9189476037 5.3362990335 4.1163905334 3.7676432347 3.4500819068 4.7085350527 3.8510649370 5.3904706711 4.1410167920 4.0772369043 3.9263827267 2.8692835289 4.1962014700 3.9893822032 4.0154108166 4.9022205771 4.5159436366 5.0336356753 5.9231510200 4.2997813462 4.2665882697 4.6301637263 5.4228148800 4.9139614961 6.0003781486 4.1107111029 3.7976446113 4.9567004877 5.6545257159 4.6555038300 5.0525501127 4.6420087610 3.7387518233 5.0671470119 4.8244927002 5.9769611518 6.1456699751 5.6997731513 4.8731739806 4.2529818189 4.0765738205 5.7363958950 5.4793460202 5.0483126116 3.7391611815 3.3970850864 4.7901364478 4.6696995112 3.7640990916 3.0878545175 3.5754258461 5.3268529708 4.0089474159 3.9027284647 3.9965929925 4.6718000324 3.5154815048
3.3143257170 4.3842810744 4.4630131095 4.7570902579 4.0166116876 3.6518912665 3.3846028477 4.4302049529 3.5279011225 5.1213730388 4.2206322012 3.8951854536 4.0692726203 3.0667716426 3.9088820924 4.1879985426 4.3243936371 5.2158700043 4.7506232963 5.0704095953 5.7664783484 4.4980874236 4.1046111591 5.1119485970 5.1505214948 5.3376966876 5.4397559475 4.0774281752 3.6356506501 4.3859682414 5.8926655841 4.0805705312 4.8827480744 4.1795762471 3.5617271508 5.0962041811 4.9847845701 6.5594030921 5.4480574558 5.9459179597 5.1908587497 4.9899554960 3.9037430517 5.7104116383 6.1104162265 5.6132922347 4.0095815762 3.8862129678 4.6563873641 4.9471961836 3.7077871000 2.6441860417 3.7835096268 5.4717232016 3.2845978830 3.8664801283 4.1348936942 4.4334460928 3.4647704156
3.6258642004 4.1577362580 4.4402539594 4.8098455699 3.7203480055 2.9011188301 3.2725744020 4.4941797481 3.8897208200 4.9589955710 3.9713108369 3.9820402191 3.8091779059 2.9105389918 4.0530790149 4.0121249665 3.8055728793 4.9078934107 4.6833196599 4.4659916775 5.5718328404 4.0670724162 4.0504524572 4.3824613213 4.6891146860 4.5918367905 5.1750963881 4.4067072583 3.4437944743 4.7386603801 5.3939037867 3.6878572120 4.6267469888 3.9636071234 3.8925563066 4.9600207283 4.2656471277 5.2641615628 5.1313689181 5.3353498401 5.2467523555 4.2648959933 3.1378640199 4.8778807804 5.8236669394 5.1728307336 3.7459080599 3.9618104330 3.9611373075 4.2866985675 3.3217098894 3.0439595603 3.9255558534 5.3395921189 3.5350464216 3.7691172276 3.4979440563 4.0494613733 3.6383436873
3.9337657757 4.3589395843 4.6720713824 5.5069836784 4.6318587320 3.3662610773 4.0673833767 4.6180691375 4.2759676310 4.8778355891 4.1364567627 3.9257243676 4.1049619561 2.3021163940 4.5085223764 3.9141296291 4.1007266072 5.1394268698 4.6784720645 5.0736205454 5.4557176733 4.6039319530 4.0369448349 3.9337656621 5.3729116657 5.1964932944 5.1652612723 4.6016195646 3.4123713206 5.4689621886 5.8803800684 4.1818887499 4.8499156457 4.2565808928 4.5448652788 5.2773013603 4.6134115454 5.8418301649 5.9970910987 5.1960033530 4.9047826924 4.3902892967 3.4315737152 5.0783514096 5.7842839085 5.3356715370 3.5454394473 4.1119305797 4.9037552952 4.8694326593 3.4117777013 3.4891251581 4.7938991183 5.4048346219 3.6165848682 4.1896598875 4.6299487514 4.3781045092 3.9999747581
3.0479111586 3.1850394133 3.5090663480 3.9482667323 3.7015705322 2.4867988239 2.3048820011 3.4974417883 2.8089952997 3.5330544930 3.1963878761 3.2952522709 3.0982297034 2.0086061184 2.8879187278 3.4640634121 2.9317861389 3.9315850558 3.1071160592 3.7977900416 4.8528133113 3.6127330774 3.7157778316 3.4138241824 3.3489015514 3.4543360364 3.7391650937 3.7956585411 3.5661348609 4.1182002548 4.4162128577 2.9278606833 3.3138511523 2.6615741559 3.3210609444 4.2482249906 3.8148598653 4.4242163028 4.2373506176 3.8987394027 4.0355259762 3.1682285859 2.5181451687 3.8663053496 4.4485934034 4.5924624086 2.2753290998 3.3279005897 3.4057824792 3.0961824275 2.4791110955 2.2151925038 3.4417401511 3.8699742705 2.7106800868 3.0595053944 3.2442734280 3.4287104554 2.4030715408
3.2738458517 3.8926473504 4.3639135963 3.7385241871 3.4835361107 2.5954766084 2.7090343682 3.3244958557 3.3633149943 4.7641124086 3.4810743134 3.4564470993 3.9966268208 3.2028539891 3.8437324381 3.4937674342 3.8212259908 4.7796454120 3.6638587934 4.2654138881 5.7881703788 4.1857499061 4.1138469536 3.8669547219 4.4084317019 4.2511182433 5.2126146335 3.8851422165 3.8775410247 4.9722708403 5.6107698409 4.2429704258 4.4588578722 4.1803002376 3.5555402940 4.1614624661 4.3099192044 5.1773299951 4.9290759111 4.9613984241 4.8853666993 3.6509401253 3.1713735442 5.3258206309 5.0448126634 4.5709931329 3.6384866248 4.2265746651 3.8960023333 4.3933826783 2.9813948983 2.4090348771 3.8500444970 5.0471859287 3.3438099028 3.4178354609 2.8964588252 4.2136492717 2.9057867665
2.8379712476 3.3365124891 3.8779202488 3.2637552400 2.6918707072 2.0964016834 2.4214463881 3.1304737074 3.2121803538 3.5100797629 2.7991530633 2.5296855147 2.8442310453 2.4782985155 3.0800684944 2.7627133631 3.0119092737 3.6890993178 3.1965710823 3.4606525503 4.2391598324 3.1496655275 3.0786341193 3.2513665224 3.6440119674 3.4472979495 4.0332779435 3.3118980435 2.6599797134 3.7117643240 4.3920243054 3.3583562357 3.6005644233 3.5507058760 2.7422492870 3.4719595795 3.2787622122 3.8131341547 4.0386393661 3.7180096611 3.7611092241 2.9166128918 2.5254020490 4.0622139451 3.8351285724 3.6730670984 2.9555099494 3.4089686057 3.2684125632 3.3599035720 2.5930006733 2.0960400886 2.8467290632 3.6976588686 2.7220151648 2.8968973806 2.4036069815 3.3436444235 2.6816393005
3.7676873157 4.2261984013 4.8664176977 5.0103715136 3.9263830434 3.3235459791 4.3321246900 4.7685473653 4.7552306806 4.8666042330 4.2698593567 4.2471928383 4.3890995069 2.8085596467 5.1186208949 4.0134165681 4.2177754078 4.7774010015 4.6664736783 4.8537099827 5.7133826824 4.6276863635 4.1965475697 4.1528952117 5.6119898926 4.6958535308 5.7855806329 3.9765394141 3.1055949247 5.6465860958 5.8762754319 4.3960612792 5.0802347868 4.2220564559 3.9113541026 5.1433670082 4.7846296682 6.0364325481 6.0474979711 5.5620644566 5.1078542268 4.3293410731 3.6186853576 5.4591277235 5.6599844435 5.2939323760 4.2309328817 3.9925688336 5.1764071296 4.8705877557 3.2274309825 3.2637410189 4.3099966581 5.2980381346 3.9524396750 4.2543046394 3.9083815021 4.4196114753 3.5434282455
3.7354530146 3.6828338601 4.4556769238 5.1219407405 3.9120181558 3.5143501230 4.1473201311 4.8743396980 4.8153072159 5.0094346702 4.2392060853 4.0139866585 3.8925336647 2.4897743675 4.4301814366 3.7116706769 4.4834038908 4.7344180220 5.0945701632 4.9965077906 5.0860668324 4.9145172498 3.8444588512 4.0553518038 5.1041449944 5.3966844052 4.9165339082 4.2126805680 2.8305153335 5.5323048056 5.5987083231 4.6145464623 5.0051469904 4.2306124540 4.1763063705 5.1186024896 4.7243802925 5.6323594907 6.0802338350 5.0700425527 4.8652769834 4.6904781715 3.4274590785 4.9645709398 5.4863277944 5.0397281543 3.9613915458 4.2198053329 5.1137892197 5.0443011698 3.3200513005 3.5987694472 4.4424035110 5.3785355879 3.7607482954 4.6849780290 4.5343651338 4.1349656406 3.9287469056
2.9146295231 3.9056529314 4.4208482179 3.5892902737 3.4971846576 2.6909272787 2.7936602347 3.3075064369 3.2239973180 4.4805547647 3.3702708768 3.0114881857 3.8392523535 2.6285443573 3.5343222480 3.4826679081 3.3664644321 4.5720574959 3.8079210929 4.0281493818 4.8501013646 3.5528517563 3.7872390033 4.2300132778 4.5070750477 4.8531553282 4.8618791367 4.1436903077 3.6606073341 4.5787946893 5.3997874591 4.1126070810 4.6017441711 4.4047757050 3.6888323761 4.5761732537 3.7017463485 5.0023498515 4.7631314407 4.7906736016 4.6127214114 3.6702060280 3.0986203019 5.1449006255 4.8557759109 4.2431262286 3.9135122866 3.7964606162 4.3277754595 4.5950034174 3.2311141455 2.3808360833 3.8567631656 4.6847492870 3.4871895129 3.7011040933 3.4908072140 4.5914308089 3.2024076141
2.7844106053 3.2433300877 4.2302369016 4.2836359164 3.4369019037 3.6391167366 3.2551667084 4.1061324469 3.4843003329 4.7268635552 3.5039249572 3.4804745728 3.6071025596 1.7737249141 3.4420517278 3.6616540889 3.6652827450 4.0904973793 4.5232918046 4.0968223388 4.1736417244 3.8931952934 3.9078947985 3.8191199358 4.7862902653 4.7357919823 4.9930021352 3.8092839676 3.1634704859 4.9844013197 4.8153199220 4.5699616256 4.8188993423 3.2656991004 3.5633560268 4.4167939773 4.0110269063 4.7972881681 5.3942436764 4.1834007530 4.3098895715 4.0369413847 3.0365176591 4.3663168919 4.9015184294 4.2310185186 3.3283786011 3.2344230060 4.6970932719 4.3177599978 3.0218128217 2.6836781647 3.7213663811 4.7304142783 3.5673850401 4.1080264674 3.4945174764 3.7349123880 3.5595710739
2.9035411733 3.3431406382 3.7990273997 4.5065109963 3.7930881866 2.5362463044 2.9033280202 3.2076758120 3.0325404800 4.3019952826 3.3851019832 3.2108345208 3.4152447565 2.0613030352 3.5269659642 3.0392668730 3.4407681962 4.4382174602 3.8344660100 4.3593743363 4.8575554464 3.8110809265 3.2228522455 2.5605033316 4.1888351714 3.9533373796 4.2606513129 3.7414175854 3.0931767155 4.7826974877 4.7573216980 3.4375907038 3.6401579925 3.4473119559 3.9113106745 3.8875441178 3.6900583031 4.7753639030 4.6977887211 4.3113910859 3.9925959471 3.5139287805 2.8152319193 4.0688405890 4.8337205243 4.0600910622 2.4559901884 3.2163308965 3.3832838112 4.0281695929 2.4108977646 2.6229719321 4.0746084641 4.9818670934 2.6149209395 3.1203440596 3.2470919312 3.2909365429 3.0704297126
2.4582240545 2.6866137932 3.8309829373 3.6275304265 3.1534638613 2.4047660011 2.4626489659 3.7887403742 3.2815602138 3.4502122045 3.5359673904 3.3227488932 2.9210267932 1.9320352110 2.9334031188 3.5016383546 2.7847575979 3.2832301242 3.5698282866 3.5289723004 4.2479928413 3.4837880244 3.6920683999 3.7081242988 3.4908766226 3.4471832458 3.6587699780 3.7116382431 3.0629207563 4.1742089598 4.0604435113 3.0752384759 3.3313026395 2.6648617073 2.9484524341 4.2432025527 3.5682603875 4.2568494778 4.2969757699 3.9574767273 3.8140016556 3.4169652251 2.6922802788 4.0642074209 4.1239214207 4.1194243605 3.0756916688 2.9338204881 3.9649019514 3.0654032245 2.4558097950 1.9551442967 2.7446221286 3.4191786993 2.9387275470 3.3941941115 2.9843274288 3.5588535620 2.1843394533
3.7680724038 4.7196960470 4.4702440927 5.3153078498 4.5318680640 2.7901555769 3.7758996117 4.1668670587 3.6354706836 4.9654972287 3.9807307693 3.9545266542 3.9218038678 2.7173956839 4.4991334846 3.9841385145 3.5054105093 4.7565441094 4.0571439640 5.2713627040 5.8015721670 4.2026404438 4.1735222352 4.1601658959 5.1358329514 4.7519890010 5.0332059684 4.4876971243 3.6595574501 4.9214994731 5.8597921217 3.5325193707 4.4507879923 4.5545603346 4.4159221669 5.3296982317 4.4635928384 6.0037156869 5.6296344716 5.7871462605 4.8280993837 3.8865639559 3.1511007756 5.2095647575 5.6341812219 5.2210324954 3.5728684257 3.7504172912 4.3814520317 4.5576497892 3.4379520182 3.3320538501 4.4687122376 5.0529112862 3.4668624088 3.7006939047 4.5959430875 4.3758547031 3.4881309395
2.6765934038 3.0851574966 3.8286642279 4.0430272778 3.1161958503 3.1408507771 2.6992719915 3.6613413592 3.0890150820 3.8813467126 2.9530476644 3.0901657476 3.5682546631 2.5501992862 3.6079471771 3.8854673358 3.0790653298 4.3319689781 3.5856006292 4.0830542409 5.0959988125 3.1896042131 3.4550661450 3.7155301983 3.3214182653 3.8756487586 4.0717105941 3.1231887400 3.0426661519 4.3154444404 4.1919390867 3.4945905728 3.8432632870 3.7315879496 3.7233428504 4.2368052466 3.6860398791 4.9205792560 4.6311912032 5.1699738433 3.8590524105 3.2829553533 2.9599370432 3.9895595878 4.2671502093 4.3784410886 2.6444186624 2.7695482390 3.8460848367 3.8194113713 2.7057818126 2.8340695775 4.0470703223 4.7177288904 3.4078455292 3.3931672650 3.8708473685 4.1006078830 2.4662878434
3.8011037650 4.3621519694 4.3943306878 5.6570886261 4.7240814749 3.9190820277 4.2803504197 5.1910792542 4.1910962021 5.3638731215 4.5127055945 4.6835305351 4.3901991837 2.1552641731 4.6125071603 4.3876047991 4.0452656365 4.9101291494 4.8268223633 5.0535293231 5.5201114828 4.8067535306 4.4821237171 4.8867715884 5.7803913446 5.7065164366 5.7136363420 4.4994980296 3.7644064302 5.3973729958 5.9110373587 4.3652426424 5.3472753518 4.1215266259 4.4590618898 6.0217579341 4.9232183616 6.5379522242 6.4023433714 5.7737461466 5.2917032772 4.8019681978 3.7799642720 5.5195386989 6.1611666062 5.7103166050 4.0803011021 3.7022689286 5.4791239043 5.1178075402 3.7912285376 3.6282449756 4.5295389607 5.4245026456 4.2979131508 4.5616977432 5.1377600207 4.8257824986 3.9350079393
2.8815141283 3.2698096745 3.6381143389 4.1150802010 3.5496320199 2.7043575805 2.9678776460 3.5989287450 2.9333003657 3.7323214779 3.1478478906 3.1320473272 3.6573569778 2.2633672577 3.6408047125 4.0838996103 2.7832995385 3.8724675311 3.2004401397 3.9472358642 4.7909669213 3.6224009450 4.0790875701 3.9689587251 3.5865656932 3.7352589281 4.0082134343 3.1909015973 3.3070746606 4.1442781673 4.4873910542 3.2821114819 3.3292423085 3.4946723973 3.6721886647 4.0768336018 4.0779902836 4.6924902818 5.0561795124 4.8277751420 3.5292684468 3.3001493249 2.7366279918 4.4635629020 4.1705700151 4.4602624466 2.9160357297 3.1056938264 4.1966407309 3.3775330180 2.8660407215 2.6546894212 3.5352690390 3.6491194936 3.2972074917 2.9791828767 3.6700452355 4.0906880340 2.1281498454
2.5297217103 2.6453953307 3.9398483448 3.8610228909 3.0675710452 3.3869793876 3.1686998382 3.8978750231 3.5474270151 4.6570427078 3.3385624298 3.6101364763 3.7845776834 2.4092124584 3.8941058832 3.9076162493 3.7045410004 4.1407987203 4.3073990594 4.1847316051 4.8090806177 4.1395463864 3.9426248108 3.6598912745 4.0554234271 4.4808447900 4.3487869931 3.3725164661 2.8789388043 5.2842616620 4.5570028525 4.2978298912 4.6370666026 3.3545441763 3.8867628557 4.1292881671 4.0042597902 5.4144401925 5.0597199058 5.2492333861 4.2815140259 4.0708082286 2.9752478164 4.3271626435 4.7235513074 4.3639935001 3.4552400387 3.3413208541 4.5376267244 4.4187049886 2.7249626565 2.9091120014 4.3845389463 5.1508835420 3.5500173804 4.0926283779 3.9994308762 3.8908271309 2.9744665509
3.7906425700 4.5553920371 5.0908524471 4.7377281798 3.8112392438 2.9004935061 4.0473805821 4.4563644355 4.3742308595 5.0666756822 3.7995753472 3.9531687878 4.3531632862 3.4097363145 5.1604754632 4.4440214818 3.8992110711 5.0140663157 4.4761959471 5.0593381743 6.0294581889 4.4285862155 4.5097244300 4.4802315643 5.2468392460 4.8418630603 5.4133834408 4.3639363793 3.3332259524 5.4804095728 6.0032076764 4.1719334292 5.1969428293 4.7917860845 4.5324118821 5.0512872532 4.3920907905 6.2722856574 5.6168355185 6.3987770745 5.2986963570 4.1985942784 3.2209907672 5.4150199535 5.6788612730 5.4586132974 4.3107772381 4.4180904509 4.7249995537 4.9265668079 3.5204819653 3.4758789502 4.9949294588 5.5601660892 3.9806040568 4.0989086172 4.3092081427 4.7135278960 3.7590674612
3.4458716069 4.1360426704 4.3172280142 4.7453347983 4.0281592593 3.5193749048 3.9633083240 4.8540471609 4.0146427570 5.2507405267 4.3026458486 4.2280786745 4.2096057137 2.3419559836 4.3958262219 4.2631242440 3.8870307064 4.5809410726 4.9526244866 4.1666456848 4.9816570658 4.3448137963 4.5501265949 5.0874855823 5.5580537802 5.2471209123 5.5535316211 4.2666969799 3.2614708837 4.9466105426 5.6818598732 4.0868710174 5.2807353726 3.7334120767 3.6694309489 5.1966689555 4.7996191293 5.7320844562 5.8625553906 5.5466428808 5.1359501731 4.8209854126 3.4143045090 5.6512374482 6.0787394871 5.2125867626 4.8530346781 3.8556620610 5.4405776236 4.6098788757 3.7662732647 3.0507008311 3.7093975919 4.8715885394 3.8882997736 4.1626904426 4.2685270976 4.4757393385 3.7004367723
2.4018768769 2.3611797764 2.7426840238 3.5882696519 2.2620765767 3.0512126617 2.8713494328 3.8866453254 3.1432171496 3.9285974471 2.8813024375 3.1375565486 2.2960981898 1.7773779323 2.7387003318 2.9214964503 3.1033596983 2.6076848488 3.7275029909 3.7579284412 3.2577139658 3.4635197502 2.9778968629 3.5667018629 3.3899594515 3.8765402832 3.3783103320 2.5388856753 1.8207085277 3.3584576892 3.5384485041 3.4093553389 3.7427779192 2.6370888380 2.4486392193 3.7516650853 3.6336726040 4.0628379170 4.4546286673 3.7639515702 3.3222762360 3.4202217639 2.2246966400 3.1990439913 3.6857773826 3.5959954134 2.7608143402 2.5012303766 3.7002248188 3.3107920759 2.5859929954 2.6698391554 2.5202511452 3.4505041238 2.8268712175 3.5881502929 3.4991472115 2.5074677900 2.6780443631

[Matrix]
A^T 17 38
0.8147236864 0.9057919371 0.1269868163 0.9133758561 0.6323592462 0.0975404050 0.2784982189 0.5468815192 0.9575068354 0.9648885352 0.1576130817 0.9705927818 0.9571669482 0.4853756487 0.8002804689 0.1418863386 0.4217612826 0.9157355252 0.7922073296 0.9594924264 0.6557406992 0.0357116786 0.8491293059 0.9339932478 0.6787351549 0.7577401306 0.7431324681 0.3922270195 0.6554778902 0.1711866878 0.7060460880 0.0318328464 0.2769229850 0.0461713906 0.0971317812 0.8234578283 0.6948286230 0.3170994801
0.9502220488 0.0344460805 0.4387443597 0.3815584571 0.7655167881 0.7951999011 0.1868726046 0.4897643958 0.4455862007 0.6463130101 0.7093648309 0.7546866820 0.2760250770 0.6797026769 0.6550980040 0.1626117352 0.1189976816 0.4983640520 0.9597439585 0.3403857267 0.5852677510 0.2238119395 0.7512670593 0.2550951155 0.5059570517 0.6990767227 0.8909032525 0.9592914252 0.5472155300 0.1386244428 0.1492940056 0.2575082541 0.8407172560 0.2542821790 0.8142848261 0.2435249687 0.9292636232 0.3499837660
0.1965952504 0.2510838580 0.6160446761 0.4732888489 0.3516595071 0.8308286279 0.5852640912 0.5497236083 0.9171936638 0.2858390188 0.7572002291 0.7537290943 0.3804458470 0.5678216407 0.0758542896 0.0539501187 0.5307975530 0.7791672301 0.9340106842 0.1299062085 0.5688236609 0.4693906411 0.0119020695 0.3371226444 0.1621823082 0.7942845407 0.3112150420 0.5285331355 0.1656487295 0.6019819414 0.2629712845 0.6540790985 0.6892145031 0.7481515928 0.4505415985 0.0838213780 0.2289769687 0.9133373615
0.1523780190 0.8258169775 0.5383424353 0.9961347166 0.0781755288 0.4426782698 0.1066527702 0.9618980809 0.0046342241 0.7749104647 0.8173032207 0.8686947054 0.0844358455 0.3997826491 0.2598704029 0.8000684802 0.4314138275 0.9106475944 0.1818470283 0.2638029165 0.1455389804 0.1360685587 0.8692922076 0.5797045874 0.5498602018 0.1449547982 0.8530311177 0.6220551315 0.3509523809 0.5132495399 0.4018080338 0.0759666917 0.2399161536 0.1233189348 0.1839077883 0.2399525257 0.4172670691 0.0496544303
0.9027161099 0.9447871897 0.4908640925 0.4892526384 0.3377194098 0.9000538464 0.3692467811 0.1112027553 0.7802520683 0.3897388370 0.2416912859 0.4039121456 0.0964545252 0.1319732926 0.9420505908 0.9561345402 0.5752085951 0.0597795429 0.2347799134 0.3531585712 0.8211940402 0.0154034377 0.0430238017 0.1689900295 0.6491154750 0.7317223857 0.6477459631 0.4509237064 0.5470088923 0.2963208056 0.7446928071 0.1889550150 0.6867754334 0.1835111557 0.3684845965 0.6256185607 0.7802274352 0.0811257689
0.9293859710 0.7757126786 0.4867916324 0.4358585886 0.4467837494 0.3063494720 0.5085086554 0.5107715642 0.8176277083 0.7948314169 0.6443181302 0.3786093827 0.8115804583 0.5328255888 0.3507271036 0.9390015620 0.8759428115 0.5501563429 0.6224750860 0.5870447045 0.2077422927 0.3012463303 0.4709233485 0.2304881602 0.8443087927 0.1947642896 0.2259217810 0.1707080471 0.2276642978 0.4356986841 0.3111022867 0.9233796421 0.4302073913 0.1848163201 0.9048809687 0.9797483784 0.4388699731 0.1111192234
0.2580646959 0.4087198461 0.5948960740 0.2622117478 0.6028430894 0.7112157804 0.2217467340 0.1174176509 0.2966758732 0.3187783019 0.4241667597 0.5078582847 0.0855157971 0.2624822347 0.8010146228 0.0292202776 0.9288541395 0.7303308629 0.4886089738 0.5785250610 0.2372835798 0.4588488282 0.9630885393 0.5468057187 0.5211358308 0.2315943867 0.4888977439 0.6240600882 0.6791355409 0.3955152157 0.3674366485 0.9879820032 0.0377388662 0.8851680082 0.9132868276 0.7961838736 0.0987122787 0.2618711839
0.3353568400 0.6797279514 0.1365531374 0.7212274986 0.1067618616 0.6537573487 0.4941739366 0.7790517232 0.7150370784 0.9037205606 0.8909225043 0.3341630527 0.6987458323 0.1978098267 0.0305409463 0.7440742604 0.5000224356 0.4799221411 0.9047222381 0.6098666484 0.6176663896 0.8594423056 0.8054894245 0.5767215156 0.1829224694 0.2399320106 0.8865119331 0.0286741525 0.4899013885 0.1679271457 0.9786806496 0.7126944717 0.5004716242 0.4710883745 0.0596188676 0.6819719041 0.0424311375 0.0714454646
0.5216498425 0.0967300258 0.8181485539 0.8175470921 0.7224395924 0.1498654425 0.6596052529 0.5185949425 0.9729745548 0.6489914927 0.8003305754 0.4537977087 0.4323915038 0.8253137954 0.0834698149 0.1331710076 0.1733886131 0.3909378023 0.8313797428 0.8033643916 0.0604711792 0.3992577706 0.5268758305 0.4167994679 0.6568598910 0.6279733592 0.2919840800 0.4316511702 0.0154871256 0.9840637244 0.1671684099 0.1062163449 0.3724097401 0.1981184025 0.4896876380 0.3394934134 0.9516304648 0.9203320398
0.0526769977 0.7378580955 0.2691194264 0.4228356150 0.5478709012 0.9427369843 0.4177441043 0.9830524665 0.3014549487 0.7010987559 0.6663388516 0.5391264650 0.6981055202 0.6665279134 0.1781324544 0.1280143997 0.9990803948 0.1711210664 0.0326008205 0.5611997927 0.8818665005 0.6691753045 0.1904332672 0.3689165461 0.4607259373 0.9816379510 0.1564049522 0.8555228058 0.6447645369 0.3762722103 0.1909236952 0.4282529930 0.4820220610 0.1206116133 0.5895074847 0.2261876798 0.3846191244 0.5829863827
0.2518061225 0.2904406643 0.6170908844 0.2652809098 0.8243762667 0.9826633997 0.7302487923 0.3438770041 0.5840693333 0.1077690152 0.9063081506 0.8796537245 0.8177605594 0.2607279991 0.5943562507 0.0225125927 0.4252593202 0.3127188868 0.1614847443 0.1787661868 0.4228856891 0.0942293389 0.5985236688 0.4709242564 0.6959493133 0.6998878499 0.6385307583 0.0336038361 0.0688060991 0.3195997352 0.5308642807 0.6544457078 0.4076191970 0.8199812228 0.7183589432 0.9686493302 0.5313339066 0.3251456818
0.1056292033 0.6109586587 0.7788022418 0.4234529190 0.0908232858 0.2664714908 0.1536567176 0.2810053025 0.4400851390 0.5271427418 0.4574243657 0.8753715986 0.5180521084 0.9436226245 0.6377090981 0.9576939398 0.2407070355 0.6761223039 0.2890645717 0.6718081654 0.6951404996 0.0679927685 0.2547901566 0.2240400308 0.6678327270 0.8443921565 0.3444624113 0.7805196527 0.6753320657 0.0067153143 0.6021704876 0.3867711945 0.9159912441 0.0011510571 0.4624491592 0.4243490398 0.4609163660 0.7701597286
0.3224718072 0.7847392948 0.4713571537 0.0357627333 0.1758744157 0.7217580334 0.4734859930 0.1527212004 0.3411246070 0.6073892138 0.1917452555 0.7384268400 0.2428495983 0.9174243420 0.2690615867 0.7655000166 0.1886619768 0.2874981731 0.0911134637 0.5762093807 0.6833632433 0.5465931146 0.4257288419 0.6444427814 0.6476176302 0.6790167541 0.6357867105 0.9451741131 0.2089349224 0.7092817027 0.2362305770 0.1193962478 0.6073039407 0.4501376970 0.4587254936 0.6619447519 0.7702855148 0.3502180134
0.6620095984 0.4161585900 0.8419291527 0.8329168191 0.2564409922 0.6134607368 0.5822491645 0.5407393371 0.8699410324 0.2647790265 0.3180740755 0.1192145411 0.9398294703 0.6455518750 0.4794632249 0.6393169610 0.5447161105 0.6473114803 0.5438859340 0.7210466206 0.5224953058 0.9937046241 0.2186766324 0.1057982733 0.1096974645 0.0635913710 0.4045799959 0.4483729121 0.3658161768 0.7635046408 0.6278963796 0.7719803856 0.9328535703 0.9727408540 0.1920283494 0.1388742028 0.6962663371 0.0938200268
0.5254044039 0.5303442184 0.8611398114 0.4848533336 0.3934563612 0.6714311397 0.7412579435 0.5200524674 0.3477126713 0.1499972538 0.5860920672 0.2621453177 0.0444540923 0.7549332672 0.2427853578 0.4424023130 0.6877960851 0.3592282104 0.7363400743 0.3947074753 0.6834158670 0.7040474303 0.4423054134 0.0195776236 0.3308578802 0.4243094968 0.2702704234 0.1970537981 0.8217211850 0.4299214094 0.8877709543 0.3911829955 0.7691143874 0.3967915170 0.8085140959 0.7550770990 0.3773955448 0.2160189160
0.7904072180 0.9493039118 0.3275654341 0.6712643705 0.4386449826 0.8335005956 0.7688542524 0.1672535455 0.8619804787 0.9898721536 0.5144234565 0.8842810231 0.5880260553 0.1547523487 0.1998628229 0.4069548371 0.7487057182 0.8255838158 0.7899630299 0.3185242454 0.5340641274 0.0899506788 0.1117057442 0.1362925489 0.6786523048 0.4951770191 0.1897104060 0.4950058250 0.1476082220 0.0549741469 0.8507126743 0.5605595274 0.9296088668 0.6966672006 0.5827909652 0.8153972115 0.8790139046 0.9889116161
0.0005223754 0.8654385910 0.6125664695 0.9899502057 0.5276800693 0.4795233852 0.8013476055 0.2278429357 0.4980942912 0.9008524885 0.5746612191 0.8451781851 0.7386402920 0.5859870358 0.2467345260 0.6664162173 0.0834828136 0.6259597852 0.6609445579 0.7297518553 0.8907521163 0.9823032229 0.7690290853 0.5814464879 0.9283130623 0.5800903658 0.0169829383 0.1208595711 0.8627107187 0.4842965112 0.8448556746 0.2094050840 0.5522913415 0.6298833851 0.0319910158 0.6147134191 0.3624114623 0.0495325790

[Matrix]
B^T 59 17
0.4895699892 0.1925103961 0.1230837475 0.2054941709 0.1465149106 0.1890721745 0.0426524109 0.6351979169 0.2818668559 0.5385966780 0.6951630394 0.4991160135 0.5358010558 0.4451831653 0.1239322776 0.4903572935 0.8529981553
0.8739274059 0.2702943323 0.2084613588 0.5649795707 0.6403118252 0.4170289516 0.2059755155 0.9479331213 0.0820712071 0.1057094266 0.1420411219 0.1664604409 0.6209586439 0.5737097648 0.0520778903 0.9312013846 0.7286616817
0.7378416538 0.0634045007 0.8604405630 0.9344051190 0.9843983122 0.8589388167 0.7855589893 0.5133774186 0.1776024605 0.3985894967 0.1339312510 0.0308895487 0.9391417061 0.3013060646 0.2955338345 0.3329362818 0.4670681870
0.6481984065 0.0252281815 0.8422066124 0.5590325450 0.8540999493 0.3478791943 0.4460266481 0.0542394844 0.1771075338 0.6628080620 0.3308289952 0.8984861378 0.1181551984 0.9884179288 0.5399820990 0.7069174193 0.9994916201
0.2878493448 0.4145225389 0.4648399416 0.7639570785 0.8182040389 0.1002215402 0.1781169539 0.3596349135 0.0567046891 0.5218856737 0.3358489747 0.1756690297 0.2089466740 0.9051535590 0.6753911773 0.4684681999 0.9121324742
0.1040115748 0.7455460737 0.7362674556 0.5618614253 0.1841940975 0.5972113503 0.2999369901 0.1341229328 0.2126015334 0.8949416754 0.0714528128 0.2424865589 0.0537543922 0.4417220571 0.0132832005 0.8971913510 0.1966581914
0.0933705168 0.3073668996 0.4560576668 0.1016693936 0.9953897277 0.3320928335 0.2973468159 0.0620452213 0.2982439719 0.0463512649 0.5054281425 0.7614258867 0.6310699992 0.0898916508 0.0808624231 0.7772405365 0.9051347442
0.5337719518 0.1091542120 0.8258088579 0.3380977188 0.2939730530 0.7463134277 0.0103366183 0.0484473393 0.6679161216 0.6034679838 0.5261024658 0.7297094482 0.7072534853 0.7813770518 0.2879769756 0.6925319864 0.5566698350
0.3965207926 0.0615906671 0.7801755315 0.3375838641 0.6078659073 0.7412540495 0.1048132420 0.1278883798 0.5495401070 0.4852294086 0.8904756792 0.7989602788 0.7343410837 0.0513318861 0.0728852991 0.0885274597 0.7983508641
0.9430081396 0.6837155724 0.1320829557 0.7227245397 0.1103534806 0.1174928522 0.6407179230 0.3288142148 0.6538120226 0.7491314631 0.5831857315 0.7400323280 0.2348269147 0.7349575417 0.9705985251 0.8669302918 0.0862345299
0.3664366163 0.3691988043 0.6850284727 0.5979416354 0.7893639436 0.3676529184 0.2060278595 0.0866665474 0.7719339171 0.2056745215 0.3882716310 0.5517785320 0.2289532520 0.6419406204 0.4844803724 0.1518455251 0.7819319666
0.1006063224 0.2940663338 0.2373730197 0.5308722570 0.0914987313 0.4053154199 0.1048462471 0.1122839622 0.7844278907 0.2915703179 0.6035334388 0.9644226672 0.4324849940 0.6947521946 0.7580992753 0.4326423261 0.6554980398
0.1097550507 0.9337598484 0.1874608064 0.2661788389 0.7978302602 0.4876037754 0.7689582641 0.3960067452 0.2729387941 0.0372346341 0.6732949141 0.4295644593 0.4517392349 0.6098571693 0.0594032969 0.3158114383 0.7727221309
0.6964329890 0.1253321811 0.1301514504 0.0923523387 0.0078202936 0.4231093852 0.6555731749 0.7229225247 0.5312092936 0.1088179383 0.6317663735 0.1264998653 0.1343033043 0.0985940927 0.1420272484 0.1682512985 0.1962489223
0.3174797751 0.3164289991 0.2175633094 0.2510418460 0.8929224053 0.7032232246 0.5557379427 0.1844336678 0.2120308425 0.0773468081 0.9138004108 0.7067152177 0.5577889668 0.3134289899 0.1662035629 0.6224972593 0.9879347350
0.1704320231 0.2577922506 0.3967993186 0.0739947696 0.6840960670 0.4023883327 0.9828352014 0.4021839852 0.6206719472 0.1543698055 0.3813452044 0.1611339718 0.7581124313 0.8711111219 0.3507767449 0.6855357087 0.2941486338
0.5306293039 0.8324233863 0.5974901919 0.3353113307 0.2992250233 0.4525925416 0.4226456532 0.3596063180 0.5583191999 0.7425453657 0.4243347836 0.4293557886 0.1248727587 0.0244340161 0.2901852651 0.3175205829 0.6536901340
0.9569359241 0.9357308728 0.4578863339 0.2404783968 0.7638979443 0.7593273831 0.7406480650 0.7436883415 0.1059204167 0.6815604305 0.4632605786 0.2121632053 0.0985187377 0.8235744739 0.1750097374 0.1635699098 0.6659872164
0.8943893754 0.5165582084 0.7027023070 0.1535903766 0.9534570699 0.5408840812 0.6797338982 0.0365630180 0.8092038513 0.7486188718 0.1201870180 0.5250451648 0.3258336288 0.5464494399 0.3988807524 0.4150933866 0.1807377603
0.2553867405 0.0205357747 0.9236756126 0.6536998890 0.9326135720 0.1635123685 0.9210972559 0.7946578854 0.5773941967 0.4400355958 0.2576137367 0.7519463939 0.2286694821 0.0641870874 0.7673295108 0.6712021854 0.7152125148
0.6420608284 0.4190482936 0.3907620822 0.8161401029 0.3174278637 0.8145397729 0.7890735149 0.8522638903 0.5056366176 0.6356613889 0.9508944154 0.4439641550 0.0600188198 0.8667498970 0.6311887343 0.3550736519 0.9970032716
0.2241714990 0.6524510730 0.6049906419 0.3872454315 0.1421871593 0.0251349857 0.4211122538 0.1841002894 0.7257752675 0.3703626865 0.8415600875 0.7342296912 0.5710258728 0.1768550576 0.9573840226 0.2653220362 0.9245808952
0.2237704047 0.3735638076 0.0875003496 0.6401165482 0.1806168878 0.0450511075 0.7231734792 0.3474376456 0.6606168245 0.3838686011 0.6273465024 0.0216498146 0.9105699885 0.8005586563 0.7458474843 0.8131128136 0.3833063186
0.6172792323 0.5754948597 0.5300517048 0.2750697558 0.2486289597 0.4516387705 0.2277128260 0.8044495836 0.9861042419 0.0299919503 0.5356641907 0.0870772199 0.8020914406 0.9891449097 0.0669462584 0.9393983619 0.0181775336
0.6838386137 0.7837364801 0.5341375679 0.8853594509 0.8990048989 0.6259376261 0.1378689924 0.2178015937 0.1821410759 0.0418198640 0.1069416586 0.6164434851 0.9396610102 0.3544557310 0.4106290901 0.9843494170 0.9455791890
0.6766446784 0.9883022623 0.7668313872 0.3366992644 0.6623818604 0.2441652868 0.2955072508 0.6801783712 0.5278468304 0.4115935134 0.6026382180 0.7505200559 0.5835331743 0.5517925149 0.5835706188 0.5118199200 0.0825927270
0.7195701349 0.9961561113 0.3545343050 0.9712588152 0.3464487613 0.8865438618 0.4546948650 0.4134272890 0.2177320684 0.1256545874 0.3089145936 0.7261044317 0.7828720730 0.6937876150 0.0098022523 0.8432133380 0.9223319978
0.7709542207 0.0426598559 0.3781861371 0.7043396245 0.7295130455 0.2242770707 0.2690547318 0.6730311650 0.4774921977 0.6237164127 0.2364449326 0.1771237545 0.8296433857 0.7669216679 0.9344782731 0.1078889051 0.1822275056
0.0990952824 0.4897638019 0.1932453305 0.8958915738 0.0990896497 0.0441655718 0.5572951558 0.7724950672 0.3119400575 0.1789824793 0.3389556782 0.2101456370 0.5101525198 0.9063643233 0.6289239387 0.1015338888 0.3908547527
0.0546166152 0.5012829132 0.4317211719 0.9975603495 0.8116025810 0.4856516699 0.8944477556 0.1375465948 0.3900049144 0.9273562250 0.9174938324 0.7135740116 0.6183373836 0.3432878902 0.9360273267 0.1247740407 0.7305853615
0.6464774324 0.8331519857 0.3982822282 0.7498222094 0.8352205105 0.3224603974 0.5522616169 0.9791291324 0.5493085330 0.3304236096 0.6194715552 0.3606365710 0.7565095435 0.4139007487 0.4923451044 0.6947432331 0.9727338851
0.3277549605 0.8378031831 0.7390722273 0.9541744564 0.0319226295 0.3568689862 0.6626538343 0.2815015591 0.2303830673 0.7111285512 0.6245729170 0.5906086529 0.6604379663 0.0475546731 0.3487848085 0.4513405804 0.2409049971
0.7150450133 0.8561822920 0.2815076951 0.7310508297 0.1377628925 0.8367227817 0.1386017157 0.5882093854 0.3661568005 0.8067595447 0.5037807858 0.4895943387 0.8770487234 0.3531418129 0.4494435566 0.9635302868 0.0422977979
0.9729583341 0.1892068431 0.6671203000 0.5864396147 0.6751124164 0.3610220492 0.6202784271 0.8111508851 0.0192574774 0.0838735083 0.9748016672 0.6513495324 0.2312378162 0.4034911431 0.1220205183 0.2684388214 0.2578461701
0.3316652387 0.1522340129 0.3480076597 0.1216584543 0.8841530577 0.0942783901 0.9300406261 0.3990199690 0.0474014620 0.3423735032 0.7359661589 0.7946821573 0.5449058982 0.6862234630 0.8936326959 0.0547917899 0.3036613797
0.0461915563 0.1954767636 0.7201658025 0.7217532735 0.8777990712 0.5824329645 0.0706843354 0.9227445702 0.8003720924 0.2859468564 0.5436632328 0.9847762370 0.7156780671 0.8389695973 0.4332605610 0.4706247156 0.5607134110
0.2690915435 0.7490184676 0.5038877735 0.6468096663 0.3077455820 0.1387246361 0.4755729338 0.3624592808 0.7881134284 0.7802958208 0.6685122143 0.1335038597 0.0215558872 0.5598407059 0.3008190181 0.9394097139 0.9809036360
0.2866203889 0.8008202870 0.8961113514 0.5975265768 0.8840167357 0.9437315412 0.5491580874 0.7283868246 0.5767582979 0.0258574711 0.4465309783 0.6463019574 0.5212029527 0.3723126608 0.9371346663 0.8295328245 0.8490854800
0.3725342399 0.5931845752 0.8725525646 0.9335016085 0.6684642744 0.2067764579 0.6538505921 0.0720515512 0.4067269151 0.6669315332 0.9337256595 0.8109500322 0.4845482718 0.7567492101 0.4170474537 0.9717859930 0.9879747012
0.8641475290 0.3888837759 0.4547418280 0.2466871976 0.7844230930 0.8828376056 0.9137116813 0.5582849236 0.5988681027 0.1488767203 0.8997134845 0.4503935807 0.2056723395 0.8996509905 0.7625855394 0.8824863074 0.2849502180
0.6732259865 0.6642799044 0.1228149939 0.4073184231 0.2752869513 0.7166697406 0.2833843816 0.8961988568 0.8265788923 0.3900265128 0.4979029430 0.6948051927 0.8343690011 0.6096296897 0.5747371609 0.3260421709 0.4564246009
0.7137955832 0.8844050453 0.7208556708 0.0186127747 0.6747764671 0.4385088242 0.4378201792 0.1170368195 0.8146816895 0.3248554386 0.2462281142 0.3427132211 0.3756921400 0.5465537931 0.5619201543 0.3958222286 0.3981308795
0.5153672192 0.6575305421 0.9509151983 0.7223485143 0.4000797454 0.8318713393 0.1343383417 0.0604667719 0.0842470523 0.1638983183 0.3242199203 0.3017267772 0.0116809911 0.5399050938 0.0953726926 0.1465148564 0.6311412070
0.8593204114 0.9742216312 0.5708384275 0.9968502146 0.5535415735 0.5154584548 0.3306820660 0.4300017984 0.4918062536 0.0710370839 0.8877392155 0.0646335911 0.4361849557 0.8266295066 0.3945346842 0.6134748817 0.8186407351
0.8862350391 0.9311116275 0.1907846480 0.2585822514 0.8978656848 0.5933618604 0.5038400818 0.6128095888 0.8194222422 0.5318891695 0.2020750965 0.4538934657 0.4279109198 0.9660527496 0.6200550541 0.6953899519 0.7201646120
0.3468951903 0.5169904205 0.5566946320 0.1564952191 0.5620560456 0.6948032891 0.4264555357 0.8362704207 0.7313870662 0.3600310421 0.4542123719 0.3863898986 0.7755546423 0.7342711057 0.4302778451 0.6937525741 0.9452134872
0.7842325982 0.7055718581 0.1093342395 0.3899306572 0.5909047304 0.4593800480 0.0503399867 0.2286875840 0.8341890611 0.0156446927 0.8637108651 0.0780690530 0.6690425901 0.5002113243 0.2179937988 0.5716157254 0.1221891509
0.6711662330 0.5995855481 0.0559761574 0.0563430185 0.1525006370 0.0196210668 0.4351755457 0.8322214753 0.6173901715 0.5201294153 0.8638682229 0.0976979182 0.9080522032 0.1080166941 0.5169967581 0.1431560221 0.5593705724
0.0045796239 0.7666819986 0.8487092265 0.9168212703 0.9869682748 0.5051331018 0.2714216244 0.1007505119 0.5078488308 0.5856091257 0.7628870959 0.0829626491 0.6615961931 0.5169790147 0.1710480175 0.9385578643 0.5904831771
0.4406346808 0.9419189303 0.6559138203 0.4519457093 0.8396974207 0.5326235025 0.5538870658 0.6800655301 0.3671899053 0.2392906062 0.5789234925 0.8668870547 0.4067767602 0.1126151410 0.4438458367 0.3001844012 0.4013868538
0.8333635635 0.4036286628 0.3901759381 0.3604488934 0.1402553593 0.2601301941 0.0868151009 0.4293973371 0.2572827848 0.2975553842 0.4248584117 0.1192072594 0.4950669238 0.7064072275 0.2435733727 0.7850700819 0.0740895769
0.3938834270 0.0033941230 0.2206768919 0.0013005687 0.1891796710 0.1424840548 0.2680759991 0.1748920653 0.1386489716 0.5988856104 0.9010579057 0.9393797659 0.2211844559 0.4826713754 0.3760111159 0.5237800370 0.2648725935
0.0683572205 0.4363270775 0.1738530374 0.0261071082 0.9546782741 0.4305965199 0.9615585731 0.7624144840 0.0073486611 0.6800386405 0.7059507542 0.6451287866 0.5523098445 0.2181087298 0.7723662136 0.2280283236 0.3708647190
0.8909288210 0.8563769077 0.4024335498 0.3180191175 0.6086354306 0.9101952267 0.9090981878 0.5915944089 0.3325714073 0.8530636292 0.4423978930 0.9043554782 0.0331794060 0.5324264825 0.7164973465 0.1793018438 0.3365329258
0.1877129486 0.3219271832 0.4038567112 0.5485662999 0.0487385928 0.5527321332 0.2748114048 0.2415017417 0.2431451794 0.1541594492 0.9564163610 0.9356613755 0.8187144372 0.7282618478 0.1758117283 0.3603709770 0.1887899726
0.0011983968 0.3164195137 0.6996169864 0.6252551802 0.5430621753 0.4390372034 0.2874272675 0.5016591067 0.7615461857 0.7624080488 0.5760559015 0.7476628376 0.6455345060 0.1232195183 0.5043978601 0.3472613127 0.0921476848
0.1478494680 0.1981697011 0.6722702375 0.4315111829 0.6944039097 0.2567845633 0.0097586499 0.5322830711 0.2793919653 0.9462301535 0.9064432665 0.3926845760 0.0248552338 0.6714367966 0.8371706354 0.9714996383 0.0569328854
0.4503238127 0.5824703017 0.6866378145 0.7194327526 0.6500407519 0.7269145509 0.3738476658 0.5815820832 0.1161185128 0.0576543612 0.9797652240 0.2848237269 0.5949742988 0.9621610310 0.1857782634 0.1930398160 0.3416441046
0.9328978958 0.3906675366 0.2732167080 0.1519470798 0.3971088427 0.3747224670 0.1311147070 0.4350407179 0.0915131672 0.6146269580 0.0109790923 0.5732603833 0.7897298580 0.2353667732 0.4480197135 0.5693581833 0.0614014423

[Vector]
AXa 38
4.3390931134 5.6690476084 5.0235802506 5.2722557698 4.2548327023 5.4545980055 4.2378050155 3.9236704568 5.4314564420 5.6011735610 5.3830857652 6.2137200341 4.5146057406 4.7868073477 4.2758687673 4.8332126989 4.1284910791 4.8524215592 4.5694271679 4.7814460902 4.7679665378 3.1396045772 4.9781118680 3.9131842072 5.9055288410 5.1582277315 4.6576823412 4.2885435286 3.9016038642 3.8005086783 4.6108107094 3.6635334153 4.8776104952 3.5237004152 4.4649213595 5.5373478004 5.2809181877 3.1062161417

[Vector]
BXb 17
14.9563467056 16.0208293377 14.2937339001 14.7319429329 16.2597305607 14.1083879896 13.6807878813 14.2471640376 12.9364891904 13.0810749262 15.6817109261 14.9247136010 15.1457812971 16.2159779619 12.1324741511 15.5052579687 16.5560651830

